tree
version=v4
num_class=1
num_tree_per_iteration=1
label_index=0
max_feature_idx=23
objective=binary sigmoid:1
feature_names=Age age_group occupation_category Annual_Income Monthly_Inhand_Salary Num_Bank_Accounts Num_Credit_Card Interest_Rate Num_of_Loan Delay_from_due_date Num_of_Delayed_Payment Changed_Credit_Limit Num_Credit_Inquiries Outstanding_Debt Credit_Utilization_Ratio Credit_History_Age Total_EMI_per_month Amount_invested_monthly Monthly_Balance debt_to_income_ratio monthly_debt_service_ratio investment_rate credit_utilization_category financial_risk_score
feature_infos=[14:56] -1:1:0:4:2:3 -1:3:1:5:0:4:2 [7006.52001953125:152252.234375] [319.55624389648438:12449.0703125] [-1:82] [1:43] [1:34] [0:9] [-5:65] [0:28] [-6.0300002098083496:36.970001220703125] [0:2554] [1.4199999570846558:4362.52001953125] [20.244131088256836:48.199825286865234] -1:127:93:132:111:97:76:92:342:66:128:286:85:99:116:120:129:131:84:87:101:150:107:113:123:126:309:89:96:100:109:114:272:308:344:90:108:147:54:69:75:148:149:189:310:19:30:38:48:91:103:105:121:125:151:299:368:17:29:53:55:57:61:102:153:170:181:197:199:208:218:224:247:291:301:353:363:34:104:112:115:143:157:166:169:172:177:191:193:205:206:210:225:241:242:254:273:298:300:337:345:25:41:42:52:70:83:88:95:117:162:175:186:201:220:228:251:277:279:295:339:358:377:20:21:23:33:39:43:68:124:155:178:179:190:221:223:231:232:237:243:270:276:283:288:292:297:341:348:362:364:369:372:15:26:27:31:37:40:44:50:60:67:77:173:174:185:219:249:257:278:284:304:327:347:359:376:378:18:45:49:81:119:136:146:154:163:167:187:198:211:217:227:240:303:305:328:340:354:366:371:375:46:62:78:160:165:182:183:195:222:234:239:246:250:287:296:307:335:352:357:360:367:374:381:32:35:58:71:79:159:171:184:202:207:209:213:214:230:233:236:238:252:253:280:285:289:293:351:373:380:5:6:7:10:22:64:145:158:194:203:216:229:235:245:268:274:321:323:343:355:356:370:1:3:56:72:73:80:110:140:141:248:255:264:275:313:314:336:349:365:9:11:134:135:138:142:161:261:281:311:317:322:325:4:14:28:137:164:212:258:262:263:265:269:330:333:361 [0:395.78204345703125] [0:521.41851806640625] [0.38255798816680908:1460.917236328125] [2.772197149170097e-05:0.5546908974647522] [0:0.21302953362464905] [0:0.14648410677909851] none [2:8]
tree_sizes=3454 3359 3349 3462 3463 3467 3378 3360 3369 3452 3454 3374 3560 3496 3561 3616

Tree=0
num_leaves=31
num_cat=1
split_feature=13 7 15 9 11 12 13 7 20 9 23 18 10 11 21 21 19 10 17 13 8 18 13 7 20 7 17 4 10 20
split_gain=1045.5 125.84 73.4904 53.6926 50.3531 36.6488 55.3176 29.8741 26.4375 26.3053 113.546 23.0143 22.8217 21.8634 19.9549 27.6007 16.2137 16.1825 15.7283 15.256 14.786 14.5201 14.1366 13.8585 13.7006 13.5911 13.4611 12.3339 11.9488 11.6569
threshold=1496.6400146484377 20.500000000000004 0 15.500000000000002 8.5450000762939471 8.5000000000000018 1287.674987792969 14.500000000000002 0.056160358712077148 15.500000000000002 3.5000000000000004 712.33447265625011 16.500000000000004 10.744999885559084 0.039964154362678535 0.043912991881370551 0.028125708922743801 17.500000000000004 244.74659729003909 2730.0249023437505 6.5000000000000009 621.12493896484386 1128.299987792969 12.500000000000002 0.046362210065126426 8.5000000000000018 98.177028656005874 4083.3784179687505 9.5000000000000018 0.03539997152984143
decision_type=8 10 9 2 10 2 10 8 8 2 2 2 10 10 10 10 10 10 10 8 8 2 10 10 10 10 10 10 10 10
left_child=1 2 3 16 -2 7 11 9 23 14 -11 -7 25 17 29 -16 -1 18 21 -10 -21 26 -17 -6 -8 -5 28 -22 -12 -4
right_child=4 -3 5 12 8 6 24 -9 19 10 13 -13 -14 -15 15 22 -18 -19 -20 20 27 -23 -24 -25 -26 -27 -28 -29 -30 -31
leaf_value=-0.99515904695209201 -0.68027328936650555 -0.71412226009399604 -1.0533409890592231 -0.683586904475316 -0.85170864793323342 -1.0209881391427267 -0.83602650079379737 -1.0765191880505245 -0.74831354891880242 -0.67203087103921044 -0.89825367974111958 -0.78696605289260735 -0.95883881780319369 -1.0729617257748219 -0.81980243532244113 -0.97319599209233676 -0.8485550513723743 -1.0825885996690479 -1.0723883839330701 -0.99274981074987878 -0.79541609339824926 -0.77560093487020421 -1.0936602155345503 -0.73129340280988275 -0.63897079813693525 -0.82649875324663946 -0.86254512366641567 -0.94322367925667983 -1.0817862983631119 -0.91761128577236417
leaf_weight=30.823014706373215 121.94963994622231 19.094218358397484 97.319804087281227 14.665720969438555 10.97355607151985 30.82616600394249 11.303382471203806 53.858344823122025 20.154074653983116 12.485085174441336 6.0167061835527447 4.7583237886428824 6.6795102804899207 24.943911418318748 9.7823994755744916 40.807091578841209 9.8496252745389921 8.4693964719772321 6.4841354787349692 6.5482099801301947 24.784249439835548 6.9389595836400977 12.638444557785986 143.64675667881966 5.4820510894060126 13.682544365525244 12.494539067149161 7.6049149781465522 8.2708703726530057 6.6122844815254203
leaf_count=132 282 48 452 34 37 137 37 258 55 28 22 14 27 119 31 169 33 41 31 28 75 20 62 378 11 44 43 30 40 25
internal_value=-0.865787 -0.964711 -0.975787 -0.892518 -0.731977 -0.995257 -0.918531 -1.00892 -0.761653 -0.994476 -0.949659 -0.988965 -0.790531 -0.996959 -1.01762 -0.973472 -0.959669 -0.958103 -0.931439 -0.819604 -0.857256 -0.903844 -1.00166 -0.739687 -0.769445 -0.751435 -0.938075 -0.829597 -1.00378 -1.04456
internal_weight=789.948 454.287 435.192 75.7004 335.661 359.492 52.3699 307.122 213.712 253.264 86.1036 35.5845 35.0278 73.6185 167.16 63.2279 40.6726 48.6746 40.2052 59.0914 38.9374 33.7211 53.4455 154.62 16.7854 28.3483 26.7821 32.3892 14.2876 103.932
internal_count=2743 1858 1810 270 885 1540 199 1341 603 1083 344 151 105 316 739 262 165 197 156 188 133 125 231 415 48 78 105 105 62 477
cat_boundaries=0 10
cat_threshold=0 0 335544320 3355705385 538968066 4609 131072 142606336 1354760192 2099328
is_linear=0
shrinkage=1


Tree=1
num_leaves=31
num_cat=0
split_feature=13 7 9 5 10 12 13 6 11 11 10 13 6 13 6 12 11 21 20 13 0 21 21 6 4 7 9 4 11 11
split_gain=720.4 90.2699 59.0489 88.8968 42.7463 35.7851 36.0593 35.518 31.1047 19.9242 24.172 19.1572 19.638 16.8452 20.9848 16.2535 15.5886 14.8625 16.0611 20.2548 14.6459 14.2615 13.6056 26.9467 13.6004 12.6621 18.6211 18.4685 12.4227 17.1527
threshold=1496.6400146484377 20.500000000000004 18.500000000000004 2.5000000000000004 6.5000000000000009 8.5000000000000018 1278.7849731445315 4.5000000000000009 11.085000038146974 18.430000305175785 9.5000000000000018 2597.704956054688 6.5000000000000009 644.63000488281261 2.5000000000000004 5.5000000000000009 0.90500000119209301 0.039964154362678535 0.023463301360607151 364.99000549316412 30.500000000000004 0.073452472686767592 0.031254080124199397 6.5000000000000009 10087.454101562502 3.5000000000000004 22.500000000000004 7646.8225097656259 10.025000095367433 8.1949996948242205
decision_type=8 10 2 8 8 2 10 10 10 8 8 8 10 10 10 2 8 10 8 10 8 10 10 8 8 8 2 8 8 10
left_child=1 2 7 -4 -5 25 -7 13 -2 10 17 12 -10 14 -1 24 -12 18 19 -9 -17 -19 23 -13 -16 -6 27 28 29 -27
right_child=8 -3 3 4 5 6 -8 9 11 -11 16 22 -14 -15 15 20 -18 21 -20 -21 -22 -23 -24 -25 -26 26 -28 -29 -30 -31
leaf_value=-0.134786083469982 0.23145542782007067 0.21323498634792704 0.27295534712594355 0.22518777414964952 0.13763415487571223 -0.014676515259413977 0.20927473208957742 0.087330877289445663 0.15393744262292475 0.12815462633713254 0.10634645062456911 -0.056621690473364773 0.246746753721935 -0.093091702304007914 -0.072552775943785314 -0.052965351999004907 -0.05543980563864797 0.14973218090302606 0.08476657059745088 -0.11659443614695082 0.12563582474479276 -0.007280199017571088 0.16670842809715417 0.14496025653429853 0.098420542223066121 -0.045447734451551827 -0.064358271398393507 0.15146205325951584 -0.10487376573535818 0.17449499467255197
leaf_weight=13.302694171667097 172.23686243593693 21.222325682640076 16.361335873603821 9.8888857811689359 4.7002882063388816 13.067794114351274 15.640584945678709 7.0426428616046932 43.210236236453056 12.938725724816321 6.4181370437145251 9.1837771236896497 52.550599500536919 73.542091816663742 25.204715222120289 6.4175346195697811 65.711332976818085 18.296973213553432 14.251925408840178 15.032757148146628 15.11042946577072 8.2523628622293455 70.504866346716881 22.816830277442932 5.5671869665384284 8.7481366097927111 55.300932303071022 9.0310281068086606 9.3715443909168226 5.7787451297044745
leaf_count=68 365 48 32 22 15 56 38 26 117 44 22 38 111 356 119 29 303 57 52 76 52 35 189 65 20 39 258 28 47 16
internal_value=0.0964958 0.0123375 0.00246615 0.0538011 0.0262769 0.00985219 0.10729 -0.0239529 0.200062 0.0101006 -0.00122595 0.172636 0.205177 -0.0602131 -0.0231176 0.00529795 -0.0407782 0.0439806 0.00208474 -0.0509854 0.0719333 0.100708 0.141969 0.0868011 -0.0410781 -0.020224 -0.0288931 0.0303781 -0.0154024 0.0419559
internal_weight=826.704 456.201 434.979 147.889 131.528 121.639 28.7084 287.09 370.503 147.945 135.006 198.266 95.7608 139.145 65.6026 52.2999 72.1295 62.8767 36.3273 22.0754 21.528 26.5493 102.505 32.0006 30.7719 92.9307 88.2304 32.9295 23.8984 14.5269
internal_count=2743 1858 1810 551 519 497 94 1259 885 615 571 520 228 644 288 220 325 246 154 102 81 92 292 103 139 403 388 130 102 55
is_linear=0
shrinkage=0.1


Tree=2
num_leaves=31
num_cat=0
split_feature=13 7 6 10 16 13 12 7 6 13 7 10 3 13 4 17 10 21 6 13 8 0 18 16 3 14 17 0 18 16
split_gain=528.039 68.0933 41.7233 20.0036 24.7156 27.469 29.6033 18.0949 17.1526 16.8164 16.3716 15.6919 18.308 17.0011 14.2146 12.5177 12.4639 12.4447 15.113 14.7835 12.4815 12.0996 11.6166 17.7796 14.0722 13.4284 10.7418 10.3403 10.1406 10.0939
threshold=1496.6400146484377 20.500000000000004 2.5000000000000004 9.5000000000000018 9.8231401443481463 1268.4749755859377 7.5000000000000009 4.5000000000000009 4.5000000000000009 1300.7349853515627 3.5000000000000004 3.5000000000000004 58307.115234375007 760.83999633789074 4649.0937500000009 80.104797363281264 15.500000000000002 0.03587192855775357 7.5000000000000009 2516.3601074218755 8.5000000000000018 39.500000000000007 675.90228271484386 188.88001251220706 77954.488281250015 31.179083824157718 38.422555923461921 32.500000000000007 287.03361511230474 43.453607559204109
decision_type=8 10 8 10 10 10 2 8 10 10 10 8 8 10 10 10 8 10 8 8 8 8 2 8 8 2 10 8 2 10
left_child=1 2 -1 8 -5 7 16 27 10 11 -4 12 -10 29 -11 -12 -7 18 19 -2 26 -17 24 -24 25 -9 -21 -6 -19 -13
right_child=17 -3 3 4 5 6 -8 22 9 14 15 13 -14 -15 -16 21 -18 28 -20 20 -22 -23 23 -25 -26 -27 -28 -29 -30 -31
leaf_value=-0.13142661755837759 0.14905673540485007 0.17970145386372852 -0.09695986365477155 -0.071981364580528381 0.15920701639867396 0.044199707131380939 0.16146096735225721 0.014024591072156504 0.010467347841056978 0.23480612817366536 -0.035117197477070906 -0.013407201539061468 0.18848254957802646 -0.071104152460244985 0.052056747201058275 0.10048447102459224 -0.1290213650339119 0.16870891616330408 0.18264373778131449 0.16348884384444809 -0.061871695787047522 -0.01388435485274841 -0.035261758473432686 0.16268996316006035 -0.13306142190391082 -0.059145289302012863 0.030045165255699946 0.0059220184567077352 0.21397985984611345 0.092438509297477572
leaf_weight=22.128880172967911 54.182766452431679 22.597716122865677 14.077744394540785 49.87359131872654 8.6666032671928424 13.139575481414797 21.164866864681244 47.488864883780479 10.413517683744432 9.4779471457004565 23.536412969231606 14.651001960039137 13.271045282483099 16.423551335930824 8.0914820432662946 24.124512493610382 5.9397378563880912 166.25112245976925 64.403512820601463 11.616223111748701 6.3487017303705207 14.702149465680121 10.611958593130113 7.7156702280044547 13.508082509040831 52.57656241953373 13.006493613123892 9.1368116736412031 77.474488124251366 22.608071088790894
leaf_count=120 127 48 70 238 25 53 55 199 41 19 106 60 33 78 30 83 32 373 138 28 26 62 48 22 71 250 43 38 150 77
internal_value=0.0841246 0.0108567 0.00198907 0.00922341 -0.00938822 0.00702306 0.0802935 -0.0126475 0.0353168 0.0636815 0 0.0433305 0.111007 0.0131351 0.151979 0.022071 -0.00959731 0.169013 0.145683 0.117431 0.0614799 0.0569961 -0.0254926 0.0479611 -0.0374658 -0.0243413 0.0938108 0.0815713 0.183222 0.0506257
internal_weight=849.21 455.926 433.329 411.2 239.822 189.949 40.2442 149.705 171.377 94.9366 76.4408 77.3672 23.6846 53.6826 17.5694 62.3631 19.0793 393.283 149.558 85.1542 30.9714 38.8267 131.901 18.3276 113.574 100.065 24.6227 17.8034 243.726 37.2591
internal_count=2743 1858 1810 1690 1031 793 140 653 659 338 321 289 74 215 49 251 85 885 362 224 97 145 590 70 520 449 71 63 523 137
is_linear=0
shrinkage=0.1


Tree=3
num_leaves=31
num_cat=1
split_feature=13 15 9 23 6 18 12 16 11 12 13 13 14 6 8 16 13 6 17 18 19 17 16 9 18 9 17 8 11 12
split_gain=402.355 67.0951 37.6299 47.2058 31.7326 29.56 28.4705 22.4955 21.897 18.9528 15.6227 14.7566 14.6495 13.5207 12.3216 12.0509 12.0458 11.7429 11.996 12.7265 16.668 13.6414 11.7088 11.4856 11.2111 11.02 11.002 10.8456 10.0598 9.94146
threshold=1496.6400146484377 0 16.500000000000004 3.5000000000000004 6.5000000000000009 422.78390502929693 8.5000000000000018 37.697223663330085 8.5450000762939471 5.5000000000000009 1055.2299804687502 660.61001586914074 39.971343994140632 5.5000000000000009 8.5000000000000018 71.659393310546889 637.61499023437511 2.5000000000000004 275.61231994628912 276.34028625488287 0.029809261672198776 143.61503601074222 95.530059814453139 18.500000000000004 217.97772216796878 15.500000000000002 208.47698211669925 5.5000000000000009 10.97499990463257 4.5000000000000009
decision_type=8 9 2 2 10 2 2 10 10 2 10 10 2 8 10 10 10 10 10 2 10 8 10 2 2 2 10 8 10 2
left_child=1 5 4 -4 11 23 12 -6 -2 13 22 17 -5 25 -10 -16 -9 -3 19 -19 21 -21 -8 -1 -17 -7 28 -13 -23 -20
right_child=8 2 3 6 7 9 10 16 14 -11 -12 27 -14 -15 15 24 -18 18 29 20 -22 26 -24 -25 -26 -27 -28 -29 -30 -31
leaf_value=0.096381389841603035 0.17699869854406652 -0.12661603838346899 0.19438131231498762 -0.033107460451471254 -0.048086034900937276 -0.092705230149202539 -0.12968604912353651 0.021134483844146946 0.1355377221689725 -0.1356264512474353 0.11440753674442344 -0.090576592269551337 0.094064402444258247 0.15672179325975619 0.13870994921794663 0.075080167472873924 0.1675393257229304 -0.13292265612523677 -0.0068861193014622488 -0.075477395191011237 0.15812823952957 0.10751435858544145 0.071169787377226526 0.19282992427811721 -0.10733265739218681 0.087842454187226068 -0.089458536811877543 0.03462507692845751 -0.067331775231768518 0.17492929718540395
leaf_weight=26.632173612713814 150.68394799530506 9.6989913284778577 15.359616458415983 86.925920948386192 15.17602691054344 6.7422787547111565 5.2908943444490415 9.8025345355272311 232.79657991230488 6.2978986650705329 31.368847489356995 87.081470265984535 9.9829786568880063 8.6010969728231412 10.59628711640835 7.7392169833183271 13.743190646171568 9.5770202130079252 5.9538016468286497 26.72890830039978 5.3124765604734412 13.973197743296629 6.1424929648637772 24.736135318875313 5.8035693019628525 6.5746002644300461 5.8503376245498648 7.3428657054901114 4.1453707665204993 5.761542022228241
leaf_count=91 282 56 30 396 70 34 28 39 532 32 80 446 34 24 26 21 42 50 24 129 17 49 22 53 24 20 28 28 20 16
internal_value=0.0743196 0.00962594 -0.00891391 0.0285346 -0.0357435 0.0872346 0.0101041 0.0462112 0.146457 0.0154657 0.0779779 -0.053306 -0.0198204 0.0597534 0.128445 0.0593507 0.107358 -0.0233926 -0.0101653 -0.0269533 -0.00845115 -0.0263803 -0.0212294 0.143304 -0.00257103 -0.00283238 0.0280409 -0.0807082 0.0668122 0.0824071
internal_weight=862.422 454.803 375.218 155.071 220.148 79.5842 139.711 38.7218 407.62 28.2159 42.8022 181.426 96.9089 21.918 256.936 24.1391 23.5457 87.0016 77.3027 65.5873 56.0103 50.6978 11.4334 51.3683 13.5428 13.3169 23.9689 94.4243 18.1186 11.7153
internal_count=2743 1858 1604 590 1014 254 560 151 885 110 130 863 430 78 603 71 81 389 333 293 243 226 50 144 45 54 97 474 69 40
cat_boundaries=0 11
cat_threshold=0 4194304 806354944 3355508745 536870912 262657 131072 142606336 1354760192 2176 268435456
is_linear=0
shrinkage=0.1


Tree=4
num_leaves=31
num_cat=1
split_feature=13 15 20 11 6 21 19 20 16 5 21 21 20 6 3 0 0 21 11 11 20 17 11 11 10 13 10 5 6 5
split_gain=318.528 44.3432 27.3605 17.9745 17.605 15.6254 18.1546 15.5853 15.811 17.8447 16.2488 18.9144 14.6251 16.1419 13.7877 13.3658 18.2876 21.7184 12.8163 12.3078 11.2635 11.2326 11.1478 11.4656 10.6908 10.7306 10.2021 10.0606 12.6879 12.6751
threshold=1366.2550048828127 0 0.0087624783627688902 8.1300001144409197 2.5000000000000004 0.088045053184032454 0.02736721653491259 0.070151384919881835 233.33541107177737 8.5000000000000018 0.039964154362678535 0.05331168323755265 0.056160358712077148 6.5000000000000009 9601.5546875000018 48.500000000000007 43.500000000000007 0.036462284624576576 7.3250000476837167 0.69499999284744274 0.029327096417546276 136.87372589111331 13.045000076293947 2.5849999189376835 9.5000000000000018 835.12500000000011 8.5000000000000018 7.5000000000000009 5.5000000000000009 5.5000000000000009
decision_type=8 9 8 10 8 10 8 8 10 10 10 10 8 10 8 10 8 8 10 8 10 10 10 8 8 10 10 10 10 8
left_child=1 5 -2 -4 -3 6 22 8 9 10 15 24 13 21 -14 16 18 26 -6 -13 -20 27 23 -1 -12 -26 -18 28 29 -5
right_child=2 4 3 12 7 -7 -8 -9 -10 -11 11 19 14 -15 -16 -17 17 -19 20 -21 -22 -23 -24 -25 25 -27 -28 -29 -30 -31
leaf_value=-0.055028042565634649 -0.021427592204323484 -0.12424138553470401 0.15233937408637829 -0.014911274897117677 0 -0.090486553891501759 0.16006504764231888 -0.073610565950450416 0.079924382987625026 0.1686803396502905 0.14534630882601984 0.14676873571941759 0.16999692177838363 0.14772197210861668 0.054231237450888897 -0.11852645369972935 0.094176167358697979 0.18906669982944352 -0.10080390269100502 -0.02419815926000541 0.00744468029687732 0.13987552945954501 -0.0854517726566172 0.088238216303421671 0.077355049192031802 -0.083606438054036752 -0.094290659220707951 -0.0010185330311134869 0.16448177451110543 0.10898804873604749
leaf_weight=6.4187481850385684 12.932084515690802 14.75190933048725 162.01322810351849 14.516711518168455 37.67740660905838 5.3737695068120948 21.87652875483036 36.668788745999336 20.535981938242912 5.2840912938117972 13.352058306336401 4.3625892549753189 12.303999245166777 124.95784893631935 65.674523815512657 18.226270258426666 4.4646993875503558 7.836243897676467 41.799678817391396 71.782318785786629 12.238869577646254 33.836446478962898 5.2739819884300223 36.920381352305412 13.510169669985773 5.8146035075187674 7.5618227869272232 15.709245651960371 15.69697445631027 18.60550116002559
leaf_count=29 56 91 316 52 161 25 58 177 67 10 37 12 24 252 186 97 16 22 220 318 50 75 25 121 51 30 40 49 32 44
internal_value=0.0662951 -0.000477178 0.121227 0.125235 -0.017327 0.0634113 0.08438 -0.0125917 -0.00406822 -0.0112108 -0.0153051 0.0131202 0.110581 0.123683 0.07282 -0.0392041 -0.0260629 0.060509 -0.044966 -0.0140921 -0.0761341 0.0929246 0.0498568 0.0667117 0.076686 0.0282277 -0.0233004 0.0679722 0.0903334 0.0545034
internal_weight=867.977 391.731 476.247 463.314 315.868 75.8634 70.4896 301.116 264.447 243.911 238.627 108.822 301.301 223.323 77.9785 129.805 111.579 19.8628 91.716 76.1449 54.0385 98.3649 48.6131 43.3391 32.6768 19.3248 12.0265 64.5284 48.8192 33.1222
internal_count=2743 1657 1086 1030 1399 258 233 1308 1131 1064 1054 448 714 504 210 606 509 78 431 330 270 252 175 150 118 81 56 177 128 96
cat_boundaries=0 10
cat_threshold=0 0 336592896 2281701384 570425346 2363905 268566528 142606336 276889600 2099336
is_linear=0
shrinkage=0.1


Tree=5
num_leaves=31
num_cat=1
split_feature=13 15 20 19 9 13 10 17 7 10 9 21 7 17 11 14 9 14 16 19 12 7 17 19 9 13 19 10 12 17
split_gain=214.819 44.1704 31.6313 28.2474 20.1036 18.6751 18.4083 18.1397 17.8603 16.7123 23.7724 21.0521 17.584 16.598 16.5165 17.867 18.4025 15.7747 15.075 18.4214 16.4173 14.2799 12.6613 14.2111 12.41 12.3871 10.7889 14.6539 10.5734 10.1666
threshold=1538.830017089844 0 0.025077341124415401 0.028125708922743801 20.500000000000004 2862.5300292968755 18.500000000000004 81.142848968505874 14.500000000000002 10.500000000000002 10.500000000000002 0.041192702949047096 16.500000000000004 146.70631408691409 11.84999990463257 28.991399765014652 18.500000000000004 30.76246547698975 113.72603225708009 0.044820172712206847 6.5000000000000009 5.5000000000000009 232.65257263183597 0.060298746451735503 22.500000000000004 652.60998535156261 0.022683959454298023 9.5000000000000018 5.5000000000000009 290.74945068359381
decision_type=8 9 10 10 2 10 10 10 10 8 2 10 8 8 10 2 2 2 10 10 2 10 10 10 2 10 8 10 2 10
left_child=1 3 9 7 22 8 13 -1 -2 10 11 29 14 -7 15 -12 25 -9 19 -11 -21 -13 23 -4 -6 -17 27 -26 -24 -3
right_child=5 2 4 -5 24 6 -8 17 -10 18 12 21 -14 -15 -16 16 -18 -19 -20 20 -22 -23 28 -25 26 -27 -28 -29 -30 -31
leaf_value=-0.040081231111007032 0.040617053836589166 -0.10745954218782039 -0.039955916313327108 0.1453943453423375 0.20111147331995538 -0.077714837687106089 0.10188306802549021 0.1316184123976977 0.13187495101557975 -0.0887324212419556 0.16786072957352208 -0.06939853671807987 -0.10603856187640992 0.096118356326975019 -0.091090062317252071 0.06001674825806827 0.13201542969311986 0.012043596002448604 0.041221869706842433 -0.074841036416026907 0.10652640574936843 0.098331214828657823 -0.0055882150845082542 0.10138694682738897 0.12331476132462749 -0.08507282279160952 0.098972392194793979 -0.083998947129371948 0.17037837625684721 0.060393290650146259
leaf_weight=20.710278287529945 23.473984137177467 33.388772398233414 45.509652599692345 38.166724488139153 7.994673714041709 13.155152246356012 54.447841972112656 22.462643548846245 315.81295715272427 75.124600678682327 15.878929525613783 8.0265800803899783 6.9242369979619971 9.2691550850868207 6.2414754629135123 11.478824585676195 13.740913391113279 22.0261310338974 14.978948041796682 9.4543897360563296 10.302704215049742 13.27689680457115 6.1023807078599912 8.3049866706132871 5.3515630364418021 11.815873295068739 30.292366325855255 8.9835166782140714 7.3409510850906372 3.9001500755548468
leaf_count=91 62 183 209 94 19 46 124 67 629 391 44 39 34 21 32 41 39 89 64 49 34 47 27 26 13 63 82 43 20 15
internal_value=0.0634785 0.0161749 -0.00153528 0.0702926 0.0401574 0.115472 0.0705181 0.0367852 0.125604 -0.0229623 0.00202334 -0.0442257 0.0431877 -0.00530867 0.0609729 0.0792359 0.0406192 0.0728017 -0.0513836 -0.0661365 0.019293 0.0346389 0.00375453 -0.01781 0.0864 -0.0131993 0.065223 -0.00559385 0.0903114 -0.0895213
internal_weight=873.938 457.779 354.413 103.366 119.88 416.159 76.8721 65.1991 339.287 234.533 124.673 58.5924 66.0803 22.4243 59.156 52.9145 37.0356 44.4888 109.861 94.8817 19.7571 21.3035 67.258 53.8146 52.6221 23.2947 44.6274 14.3351 13.4433 37.2889
internal_count=2737 1855 1514 341 439 882 191 247 691 1075 537 284 253 67 219 187 143 156 538 474 83 86 282 235 157 104 138 56 47 198
cat_boundaries=0 10
cat_threshold=0 4194304 940572672 3892643849 167772162 2621440 131104 142606592 1078067200 2099344
is_linear=0
shrinkage=0.1


Tree=6
num_leaves=31
num_cat=0
split_feature=13 7 6 17 11 3 3 21 13 5 11 13 7 0 20 0 6 18 19 11 7 8 7 20 21 21 18 12 7 18
split_gain=173.766 35.6173 28.5841 26.4407 18.1422 17.1131 22.5335 19.5057 17.8332 17.0403 15.6888 14.2354 22.1435 14.0413 11.69 24.2744 11.1319 11.794 13.661 12.2924 12.2801 10.8787 10.6494 10.4471 10.23 10.1221 11.494 9.77217 9.74867 9.555
threshold=1538.830017089844 20.500000000000004 2.5000000000000004 78.154125213623061 12.13000011444092 32153.019531250004 86821.218750000015 0.064242258667945876 1278.7849731445315 1.0000000180025095e-35 11.934999942779543 3045.3200683593755 16.500000000000004 18.500000000000004 0.030331413261592392 26.500000000000004 3.5000000000000004 693.92556762695324 0.0082105416804552096 9.5850000381469744 8.5000000000000018 8.5000000000000018 27.500000000000004 0.018735231831669811 0.012097488623112442 0.043531036004424102 321.91247558593756 6.5000000000000009 12.500000000000002 260.77662658691412
decision_type=8 10 8 10 8 8 10 10 10 8 10 8 8 8 10 10 8 2 10 8 8 8 10 8 8 10 2 2 8 2
left_child=1 2 -1 14 -2 7 9 -5 10 -7 -9 12 -6 -11 16 -16 -4 18 20 -20 23 22 -13 -18 -14 -15 -27 -10 -28 -23
right_child=4 -3 3 5 11 6 -8 8 27 13 -12 21 24 25 15 -17 17 -19 19 -21 -22 29 -24 -25 -26 26 28 -29 -30 -31
leaf_value=-0.12294599996746713 0.12624338054917403 0.11741118004915443 -0.10525385042344798 0.13097517749658358 0.0023207938446031065 0.10319338706983401 0.062940704518048174 0.025608404402761409 0.022661303494603775 0.098161249859560262 -0.13069891140323128 0.097697074393053862 -0.069555147970081485 -0.064387825110001101 -0.13724323392464918 0.074964770088330954 0.17123379927687937 0.067993091761110167 -0.12167637771062544 -0.020854247534189935 -0.054009517919291289 0.041842139152046973 0.014325700772327849 0.0036035135086551861 0.12731889303683722 -0.065427813745705055 0.077034161714727156 0.17120453514645129 -0.050170469103190278 -0.098259831379420043
leaf_weight=16.203460246324539 194.66357825696468 31.210677042603493 20.308918476104736 30.659997969865799 17.985068514943123 11.406476140022278 59.422192201018333 31.184570491313934 7.6349550783634212 8.4273597747087461 7.9719605296850196 50.518686771392822 2.5798770487308493 54.297010853886604 6.7187808752059928 25.377251267433167 6.6854488402605066 12.116759166121481 23.409314885735515 25.5913613140583 12.671543806791304 13.043333232402803 22.456716403365135 8.5113637000322342 107.6931716054678 16.873849019408226 19.822635993361477 11.163561418652533 8.4574382752180082 7.6076175868511191
leaf_count=106 370 64 111 90 51 36 219 122 30 28 44 113 9 267 35 86 20 43 129 121 62 35 63 35 212 77 68 23 39 29
internal_value=0.0571342 0.0144598 0.00684856 0.0120476 0.103825 0.0305575 0.0126569 0.0664893 0.0320353 -0.0123401 -0.00621167 0.0840632 0.105795 -0.0247329 -0.0228747 0.0299436 -0.0384902 -0.0230396 -0.0375886 -0.0693738 0.0179898 0.0541047 0.0722328 0.0786392 0.122564 -0.0353354 -0.000114221 0.111842 0.0385973 -0.00951301
internal_weight=872.675 456.127 424.916 408.713 416.548 267.322 178.707 88.615 57.955 119.285 39.1565 221.884 128.258 107.878 141.391 32.096 109.295 88.9858 76.869 49.0007 27.8684 93.6264 72.9754 15.1968 110.273 99.4509 45.1539 18.7985 28.2801 20.651
internal_count=2737 1855 1791 1685 882 1043 734 309 219 515 166 512 272 479 642 121 521 410 367 250 117 240 176 55 221 451 184 53 107 64
is_linear=0
shrinkage=0.1


Tree=7
num_leaves=31
num_cat=0
split_feature=7 9 21 10 9 12 6 18 7 21 12 11 21 16 19 19 7 7 19 18 16 11 14 7 4 10 8 3 3 19
split_gain=128.801 50.3195 30.5607 22.1832 27.9722 17.9523 17.5717 17.0081 16.3575 12.2972 12.075 15.2145 14.2947 12.0054 11.2068 14.8243 10.9015 10.5127 12.6387 12.2017 10.4539 18.0004 12.0266 10.3346 12.472 13.2756 12.0791 10.2492 10.1856 18.7883
threshold=20.500000000000004 18.500000000000004 0.040754044428467757 7.5000000000000009 50.500000000000007 6.5000000000000009 5.5000000000000009 665.03598022460949 2.5000000000000004 0.020343111827969555 5.5000000000000009 10.904999732971193 0.088045053184032454 81.243282318115249 0.012959247920662166 0.0045004289131611594 17.500000000000004 9.5000000000000018 0.13851932436227801 285.16326904296881 60.765651702880866 8.9049997329711932 38.054651260375984 7.5000000000000009 1652.6512451171877 10.500000000000002 4.5000000000000009 16733.357421875004 20718.020507812504 0.10610053688287736
decision_type=10 2 10 8 2 2 8 2 8 8 2 10 10 10 8 10 8 8 8 2 10 10 2 10 10 10 10 8 10 10
left_child=1 2 6 -3 5 7 20 8 -5 -9 11 12 13 -4 15 -7 -8 -16 -19 -20 -1 -22 -23 -10 27 -26 -27 -25 29 -12
right_child=-2 3 10 4 -6 14 16 9 23 -11 28 -13 -14 -15 17 -17 -18 18 19 -21 21 22 -24 24 25 26 -28 -29 -30 -31
leaf_value=-0.089586744713085947 0.10304466913365068 0.14595146218572527 0.072285862882029303 0.14962541401150239 0.13815366789172312 0.092826505642604806 0.022235202171476592 0.17810634121344565 -0.11812704961455854 0 -0.067978882482962619 -0.11238411324835451 -0.082221065804627361 -0.055219942730055808 -0.033957332979626526 -0.10522749473233872 -0.11388496279209222 0.10544680823767956 0.069596377039750648 -0.085356413827982147 -0.079453998802648321 0.058877042286210116 -0.1251281602037744 -0.019035123689829875 0.045768962891088748 -0.1209442261999813 0.063550091255532223 0.14057634094774113 0.090731027060742486 0.10713470948664705
leaf_weight=50.518741615116596 312.20830272138119 24.903388977050781 36.081919386982918 4.9189612716436377 28.794438660144806 6.4910379052162162 60.204204455018044 7.9277679920196507 12.692332640290259 7.4179090857505807 13.650420725345613 9.8774949312210065 10.562847331166266 9.1089650988578779 8.3465643525123578 8.7082006186246854 6.4083625972270957 63.112492471933365 15.14209918677807 7.4931387901306143 31.006995260715485 23.602612420916561 4.0566523075103751 8.3593831360340083 9.9867488294839841 20.752674996852878 4.1343071013689032 7.4571138769388208 43.201271638274193 10.931580647826193
leaf_count=285 646 51 123 12 54 23 241 21 66 30 64 51 54 42 32 45 31 150 35 26 171 92 24 36 33 116 12 18 129 24
internal_value=0.0516482 0.0227487 -0.00409441 0.0564305 0.04627 0.032441 -0.0315027 -0.00231563 -0.0238312 0.0923341 0.0319426 0.00120034 0.0216675 0.046299 0.059111 -0.0199384 0.00883899 0.0719938 0.082451 0.0177114 -0.0561918 -0.027161 0.0311761 -0.0376647 -0.017128 -0.0506454 -0.0897635 0.0560001 0.0615158 0.00960728
internal_weight=868.059 555.851 309.212 246.639 221.735 192.941 175.798 83.6472 68.3015 15.3457 133.414 65.6312 55.7537 45.1909 109.294 15.1992 66.6126 94.0943 85.7477 22.6352 109.185 58.6663 27.6593 63.3826 50.6902 34.8737 24.887 15.8165 67.7833 24.582
internal_count=2737 2091 1331 760 709 655 844 344 293 51 487 270 219 165 311 68 272 243 211 61 572 287 116 281 215 161 128 54 217 88
is_linear=0
shrinkage=0.1


Tree=8
num_leaves=31
num_cat=0
split_feature=7 9 5 9 6 17 14 17 6 12 7 20 7 12 23 18 11 20 18 18 11 19 11 11 9 5 17 20 17 3
split_gain=105.777 41.1118 22.9093 22.6699 21.3969 15.3878 14.5648 13.1519 16.9698 14.1459 12.6433 12.2429 12.162 15.4506 14.1999 13.6659 12.1002 11.91 17.9374 14.1336 14.8895 11.8028 12.202 10.7315 15.4023 10.5102 10.5005 10.4936 10.2622 10.1037
threshold=20.500000000000004 18.500000000000004 2.5000000000000004 50.500000000000007 5.5000000000000009 52.762529373168952 28.761356353759769 146.70631408691409 3.5000000000000004 4.5000000000000009 14.500000000000002 0.010135196615010502 4.5000000000000009 6.5000000000000009 3.5000000000000004 665.03598022460949 18.855000495910648 0.032572453841567046 363.57705688476568 395.04438781738287 1.294999957084656 0.012408290524035694 18.760000228881839 10.904999732971193 6.5000000000000009 5.5000000000000009 65.72534561157228 0.0093579096719622629 31.693961143493656 20478.990234375004
decision_type=10 2 8 2 8 8 2 10 10 2 10 10 8 2 2 2 8 10 2 2 8 8 10 10 2 8 8 8 10 8
left_child=1 4 -3 5 6 10 7 8 -1 -9 -4 -10 -7 14 -14 25 23 19 -19 20 -8 22 -15 -6 -25 -16 -22 -28 -12 -27
right_child=-2 2 3 -5 16 12 17 9 11 -11 28 -13 13 21 15 -17 -18 18 -20 -21 26 -23 -24 24 -26 29 27 -29 -30 -31
leaf_value=-0.12609179454003624 0.093630381227599951 0.16015587748840007 -0.14032182649246128 0.12579216966202719 0.037018615909439105 0.15635550179793617 0.15616085022457621 -0.030443949472351597 -0.090974585281889953 0.13669220539680388 0.085157666826871994 0.067265676117119602 0.13426064984793176 -0.083730763506733558 -0.097440426539636263 0.069144759582819335 0.12709717583946159 -0.053692251457142896 0.13004619402441561 -0.092294309207808678 -0.13676979939634981 0.075658970196886138 0.12121772142119974 0.080141001613692406 -0.082403910778135817 0.092605014105361788 0.060039781448657792 -0.050003839847697178 -0.065312472824554352 -0.04047816265471841
leaf_weight=10.602761335670946 309.39080527424812 17.823282346129417 8.4808567464351672 28.486053377389908 81.118999853730202 8.6727966815233213 4.3032064437866211 7.6685139834880856 6.559802025556567 14.168506324291227 8.646366700530054 18.049893513321877 6.858688458800315 9.8546513468027097 19.908180907368667 14.190548077225683 11.310436010360716 12.422503292560579 9.0915664583444578 55.772475242614746 8.3881080225110036 81.199450179934502 3.9820868223905554 8.1054247468709963 19.776744589209557 7.9001421779394105 12.786242969334124 26.161680050194263 9.2820600122213346 19.754424437880516
leaf_count=67 646 32 45 54 300 20 13 37 35 38 24 65 13 50 108 47 28 54 27 322 49 203 14 25 93 23 48 130 36 91
internal_value=0.0468339 0.0205425 0.0510663 0.0423985 -0.00385356 0.0303373 -0.0251361 0.0167867 -0.0208011 0.0776719 -0.0404397 0.024484 0.0412594 0.0350069 -0.00101916 -0.0163986 0.028955 -0.043763 0.023733 -0.0573846 -0.0193819 0.061095 -0.0235844 0.0185725 -0.0346767 -0.0422221 -0.0358465 -0.0135602 0.00677012 -0.00190301
internal_weight=860.717 551.326 245.04 227.216 306.287 198.73 185.975 57.0495 35.2125 21.837 26.4093 24.6097 172.321 163.648 68.612 61.7533 120.312 128.926 21.5141 107.412 51.6392 95.0362 13.8367 109.001 27.8822 47.5627 47.336 38.9479 17.9284 27.6546
internal_count=2737 2091 760 728 1331 674 885 242 167 75 105 100 569 549 282 269 446 643 81 562 240 267 64 418 118 222 227 178 60 114
is_linear=0
shrinkage=0.1


Tree=9
num_leaves=31
num_cat=2
split_feature=13 15 12 16 18 23 3 17 3 9 3 6 13 10 20 6 17 10 2 7 9 3 7 17 16 6 21 3 20 20
split_gain=97.8135 38.0912 20.8075 25.0946 18.691 22.9702 16.2378 15.7217 16.0094 15.5956 16.498 15.7308 15.5536 14.4261 13.576 15.3405 12.7381 12.3919 11.1845 15.0615 11.1636 10.8861 10.7824 9.82232 9.50337 9.43412 9.80682 16.6474 8.22331 7.63199
threshold=1538.830017089844 0 5.5000000000000009 8.7981486320495623 693.92556762695324 4.5000000000000009 44762.589843750007 203.559928894043 11818.584960937502 18.500000000000004 33200.029296875007 3.5000000000000004 2862.5300292968755 16.500000000000004 0.023463301360607151 4.5000000000000009 86.596237182617202 7.5000000000000009 1 7.5000000000000009 10.500000000000002 56949.601562500007 14.500000000000002 78.904022216796889 51.127014160156257 4.5000000000000009 0.039491310715675361 69838.339843750015 0.027578399516642097 0.018735231831669811
decision_type=8 9 2 10 2 2 8 10 8 2 8 10 10 10 10 8 8 8 1 10 2 10 10 8 8 10 8 10 10 10
left_child=1 6 4 -4 5 9 23 8 -5 10 11 -3 22 -14 15 -6 -13 -11 20 -20 -10 -8 28 -1 -18 -21 27 -27 -2 -22
right_child=12 2 3 7 14 -7 21 -9 18 17 -12 16 13 -15 -16 -17 24 -19 19 25 29 -23 -24 -25 -26 26 -28 -29 -30 -31
leaf_value=0.022720922243888254 0.085130851511668382 -0.12590641881668996 -0.071487711961292319 0.12470034157286358 -0.082433878644703154 -0.10970213630802353 -0.095119270669054207 0.095466364952852767 -0.061619027390290154 0.12864048234635181 -0.083764127931873988 -0.060927609920547014 -0.065184700661307826 0.055562578058934768 0.16841639861407151 0.070224721750923674 0.1391702185676866 -0.010523568635794754 -0.12973092262841665 -0.069632887028014248 -0.001687808748643718 0.041133361962066295 0.092602573457495285 0.12186987838943684 -0.024625898600604948 -0.095422252336788041 0.084366164560148116 0.1298147155465563 -0.032940270287258808 0.1055214383762404
leaf_weight=13.140730299055575 10.851967990398409 6.5012626871466663 25.969037488102913 12.054023668169974 11.313412785530092 40.945630185306072 6.7990492582321158 33.109852954745293 7.2973903417587271 10.536595851182939 43.68571600317955 7.4042519256472614 11.510001644492148 65.003240361809731 6.240028776228427 15.427189499139784 12.708916708827021 15.733218923211096 11.58914268016815 14.172889836132525 9.1389074251055735 38.124799206852913 305.57274568080902 46.211466982960701 4.725460708141326 10.82596478611231 15.59128527343273 4.5708236694335929 12.55495500564575 22.509445711970329
leaf_count=52 24 41 133 32 66 242 35 102 37 21 245 40 37 154 15 57 37 71 69 71 41 141 629 119 21 49 45 13 38 60
internal_value=0.0425639 0.0102344 -0.00650858 0.0185352 -0.030778 -0.0465316 0.0600729 0.0352418 0.0165716 -0.0208152 -0.0440894 0.010987 0.078113 0.0372065 0.0367981 0.00519887 0.0475797 0.0451909 0.00273119 -0.0242742 0.0386245 0.0201245 0.0875824 0.100161 0.0943169 -0.00212738 0.0285503 -0.027505 0.021504 0.0743405
internal_weight=851.819 446.326 342.05 166.829 175.222 142.241 104.276 140.86 107.75 101.295 75.0256 31.3399 405.493 76.5132 32.9806 26.7406 24.8386 26.2698 95.6958 56.7501 38.9457 44.9238 328.98 59.3522 17.4344 45.161 30.9881 15.3968 23.4069 31.6484
internal_count=2737 1855 1508 652 856 718 347 519 417 476 384 139 882 191 138 123 98 92 385 247 138 176 691 171 58 178 107 62 62 101
cat_boundaries=0 10 11
cat_threshold=0 4194304 403701760 3892578313 33554434 2624512 131104 142868752 1078067200 1051776 33
is_linear=0
shrinkage=0.1


Tree=10
num_leaves=31
num_cat=1
split_feature=13 15 7 13 12 17 6 23 9 21 13 18 17 23 17 19 21 9 5 20 16 18 9 17 7 21 6 16 14 9
split_gain=89.983 39.2122 32.202 16.9909 19.3127 15.245 13.2009 15.8721 13.9652 13.0015 12.7894 12.3348 12.1464 11.3133 10.4388 10.0705 9.97445 12.6241 9.80552 9.67961 13.6735 9.50521 9.30854 9.05669 8.45075 8.39876 14.5954 10.2715 8.64095 21.1976
threshold=1268.4749755859377 0 13.500000000000002 2597.704956054688 5.5000000000000009 78.904022216796889 2.5000000000000004 4.5000000000000009 17.500000000000004 0.05196968466043473 561.31500244140636 560.83947753906261 54.394199371337898 3.5000000000000004 419.79827880859381 0.0074951210990548143 0.046007521450519569 15.500000000000002 6.5000000000000009 0.018089372664690021 27.993192672729496 776.24758911132824 13.500000000000002 328.05410766601568 7.5000000000000009 0.031254080124199397 8.5000000000000018 119.64949417114259 26.003366470336918 38.500000000000007
decision_type=8 9 8 8 2 8 10 2 2 8 10 2 10 2 10 10 10 2 8 10 8 2 2 10 10 8 8 8 2 2
left_child=1 10 12 4 -4 -3 -7 8 14 11 15 -9 -2 -10 23 24 17 -12 22 20 -15 -13 -14 -8 -1 26 27 -5 29 -27
right_child=2 5 3 25 -6 6 7 9 13 -11 16 21 18 19 -16 -17 -18 -19 -20 -21 -22 -23 -24 -25 -26 28 -28 -29 -30 -31
leaf_value=0.14828606245507392 -0.11029737309708498 -0.069441411129788383 -0.042457195796200942 0.042261282580583426 0.093071097391402333 -0.10723230541302908 -0.00067867227658008214 0.055504759770767444 0.15756671985081738 -0.074626417578697923 -0.040550656347350146 -0.1280838047780421 -0.019574780279390303 -0.02483881907082354 0.15098096280344775 0.19421468427715916 -0.091864564119906289 0.14803148988570661 -0.089786106705946833 -0.033651545433406121 0.16630669437364631 0.02014306982429374 0.07291211932099402 -0.13162766626635797 -0.0044875283735620591 -0.1145827913431714 0.088261839959837468 -0.096111941374409537 0.071250318803878707 0.078204679991745393
leaf_weight=6.9606978297233599 9.1963539570569974 50.649633824825287 10.788050562143324 8.3738714009523409 266.43641589581966 12.73506575077772 84.610588870942593 21.415744505822659 10.620445072650908 43.578545518219471 6.0111354961991337 9.0280782654881495 19.137642256915569 6.2247058451175699 4.1713215857744208 13.189294084906576 5.231824815273284 8.2270133644342405 7.6178540140390387 11.453014135360716 8.9061715602874756 7.9890430569648734 24.622172608971596 5.5451601147651663 7.168674923479557 9.1234225928783435 12.915673509240149 14.254039868712423 104.31227158010006 14.828190848231314
leaf_count=19 52 292 48 21 557 88 375 88 18 233 32 54 88 26 11 30 24 21 34 50 26 32 72 30 29 31 27 51 231 32
internal_value=0.0367004 -0.00437343 0.0632234 0.0726129 0.0877476 -0.0191849 -0.00871316 -0.00274352 0.0187298 -0.0372855 0.0717262 0.00487909 -0.00498312 0.0705306 -0.00164849 0.131128 0.0242741 0.0679899 0.013851 0.0349241 0.0873678 -0.0582003 0.0322841 -0.00898059 0.0705853 0.0469004 0.00357173 -0.0445038 0.0588173 0.00418304
internal_weight=825.322 323.716 501.606 441.032 277.224 276.928 226.278 213.543 131.531 82.0114 46.7886 38.4329 60.574 37.2043 94.3271 27.3187 19.47 14.2381 51.3777 26.5839 15.1309 17.0171 43.7598 90.1557 14.1294 163.807 35.5436 22.6279 128.264 23.9516
internal_count=2722 1478 1244 998 605 1323 1031 943 536 407 155 174 246 120 416 78 77 53 194 102 52 86 160 405 48 393 99 72 294 63
cat_boundaries=0 10
cat_threshold=0 0 0 32 1107296256 788992 131072 142606608 1342308352 8
is_linear=0
shrinkage=0.1


Tree=11
num_leaves=31
num_cat=0
split_feature=13 6 23 9 12 5 4 13 5 10 3 17 14 0 9 6 0 20 4 19 12 19 17 16 21 3 3 5 0 20
split_gain=75.3453 19.8408 15.1699 28.8845 21.1665 20.2735 16.7511 14.0106 13.7858 12.8878 13.3595 16.7961 12.6348 12.5138 19.9765 13.2148 11.7045 9.7843 10.8801 20.602 11.1815 11.1098 11.491 10.2377 9.31579 9.21705 11.8448 8.46813 8.38909 8.66353
threshold=1496.6400146484377 2.5000000000000004 4.5000000000000009 15.500000000000002 9.5000000000000018 2.5000000000000004 7646.8225097656259 2597.704956054688 7.5000000000000009 17.500000000000004 18520.025390625004 128.346305847168 37.095565795898445 43.500000000000007 22.500000000000004 4.5000000000000009 29.500000000000004 0.041356677189469344 3302.9204101562505 0.017527603544294838 2.5000000000000004 0.026097293943166736 78.154125213623061 116.90651321411134 0.043531036004424102 69838.339843750015 17502.327148437504 1.5000000000000002 34.500000000000007 0.072770252823829665
decision_type=8 8 2 2 2 10 8 8 10 10 8 8 2 8 2 10 10 10 8 8 2 10 8 10 8 10 10 8 8 10
left_child=1 -1 3 17 13 -5 25 -2 12 10 16 -12 -6 -4 15 -15 -9 18 19 20 -3 -21 -23 27 -25 26 -7 -20 29 -11
right_child=7 2 4 5 8 6 -8 9 -10 28 11 -13 -14 14 -16 -17 -18 -19 23 21 -22 22 -24 24 -26 -27 -28 -29 -30 -31
leaf_value=-0.11653811261862002 0.081431186104268222 0.2110492533462324 -0.053492737904664703 0.15331122774708217 0.032695753604261753 -0.080747669881294587 0.13709929949010594 0.12045899060328127 0.11567047629636161 0.051143824833240641 -0.16922274008010341 0.0075214113374141361 -0.15269939190958245 -0.029416722968812092 -0.10805322873557754 0.11410516883790245 -0.023907755579757065 -0.13199394224875588 0.0071301045469104448 -0.13094403971080323 0.059546852150308222 -0.090876950200835235 0.050580255525247302 0.060359315437297861 -0.043411752633049187 -0.10542658192875883 0.051659602916534646 -0.081376659398351425 0.09126832441531893 -0.052629914440987885
leaf_weight=13.043616205453871 226.46992047131062 7.3541077673435238 94.121661379933357 21.591121137142181 20.336850374937061 7.9022468626499167 14.625949963927267 11.803153336048128 17.233188353478909 57.600852459669113 8.2566111683845538 14.777008056640623 4.3817689567804328 10.159702554345133 9.5268991589546186 16.734861135482788 10.399347692728041 5.537083461880683 16.113682650029659 6.3095199987292281 15.264944955706595 7.6079710349440601 22.221431978046894 21.783569745719433 14.118103109300135 5.427290976047515 42.101273968815804 31.476030044257641 50.111422285437584 9.173150882124899
leaf_count=109 481 19 482 39 68 39 36 22 37 136 33 39 23 52 55 59 30 31 71 37 56 47 83 83 69 26 147 180 105 28
internal_value=0.0334912 0.0043626 0.00824251 0.0245419 -0.0143253 0.0686187 0.0421931 0.0653119 0.0472934 0.0426966 -0.00241323 -0.0558595 -0.000248409 -0.0342249 0.0153039 0.0596097 0.0525872 -0.00275202 0.00229769 0.0352947 0.109957 -0.0113343 0.0139845 -0.0208192 0.019267 0.0167693 0.0304158 -0.0512468 0.0602272 0.0366809
internal_weight=813.564 424.973 411.929 239.434 172.495 91.6479 70.0568 388.591 41.9518 162.122 45.2361 23.0336 24.7186 130.543 36.4215 26.8946 22.2025 147.786 142.249 58.758 22.6191 36.1389 29.8294 83.4914 35.9017 55.4308 50.0035 47.5897 116.885 66.774
internal_count=2722 1848 1739 963 776 287 248 874 128 393 124 72 91 648 166 111 52 676 645 242 75 167 130 403 152 212 186 251 269 164
is_linear=0
shrinkage=0.1


Tree=12
num_leaves=31
num_cat=2
split_feature=15 7 15 9 11 23 9 5 19 3 3 11 17 19 20 9 19 19 5 20 0 8 20 11 11 17 20 11 0 0
split_gain=79.5548 44.2428 32.8325 28.7559 19.1483 14.7494 21.2293 21.927 10.5483 17.8277 10.3327 10.1424 9.99484 9.98413 9.82951 9.41666 9.04372 8.82834 7.66939 9.87781 7.47488 17.6604 7.40077 9.01071 7.38122 10.0798 10.1885 12.5376 13.5373 7.28061
threshold=0 20.500000000000004 1 33.500000000000007 19.224999427795414 4.5000000000000009 16.500000000000004 2.5000000000000004 0.045980466529726989 19398.459960937504 53086.843750000007 13.045000076293947 55.706134796142585 0.1107626222074032 0.045307194814085967 23.500000000000004 0.039958553388714797 0.033902194350957877 2.5000000000000004 0.014516850933432581 35.500000000000007 6.5000000000000009 0.033347040414810188 9.805000305175783 9.9650001525878924 74.294174194335952 0.025910664349794391 11.364999771118166 25.500000000000004 44.500000000000007
decision_type=9 10 9 2 10 2 2 10 10 10 8 10 8 10 10 2 10 8 8 10 8 10 8 8 10 10 8 8 8 10
left_child=-1 2 16 5 -3 6 24 -8 11 13 20 14 -5 -10 22 -9 17 18 19 -2 21 -6 23 -7 -4 -26 27 -27 -29 -25
right_child=1 4 3 12 10 8 7 15 9 -11 -12 -13 -14 -15 -16 -17 -18 -19 -20 -21 -22 -23 -24 29 25 26 -28 28 -30 -31
leaf_value=0.10118688741128082 0.01591026094815802 0.068322284878017184 -0.045949264302791906 -0.020418614434492218 -0.11370580831297172 -0.082251506715666903 0.14971085269978801 0.046551727538007279 -0.14077314958598869 0.06601886162276259 -0.098515995162952896 -0.12233746066525708 0.091364810703248797 -0.0051261385302700802 0.066661619440797557 -0.046572022109949186 0.10250199325951921 -0.07031793377169554 0.025300412977249356 0.17566932791682574 0.076420862838287362 0.057413078540091089 -0.14134443898570559 -0.029423796869426783 -0.078118956959033023 0.17641285258310649 -0.05322687705940872 0.12305845554821898 -0.12503403790333098 0.10639068172552926
leaf_weight=123.71044720709324 7.1565653085708627 173.30043330788612 92.251964509487152 10.612858235836027 10.255158215761186 28.41513650119305 14.101828187704085 25.285055004060268 10.173785828053953 17.592037998139858 9.0721326619386655 26.968283496797085 30.428542792797089 11.855554863810537 6.4642478972673407 18.83029618114233 25.538371071219444 7.2724841758608809 50.912051223218441 8.7875255197286588 14.406533241271971 14.292776569724081 9.7970603182911855 15.918830692768095 9.4097962528467161 7.9780550599098232 7.3543875813484183 4.4373134374618539 4.1657628193497667 5.1305625140666953
leaf_count=286 26 383 498 31 35 161 26 91 57 49 31 156 64 36 19 83 63 31 196 22 32 33 58 84 56 21 33 13 28 20
internal_value=0.0305606 0.0159226 -0.00160204 -0.0158982 0.0528436 -0.0265928 -0.0081932 0.0416046 -0.0520528 -0.00854831 -0.00282812 -0.0705114 0.0622364 -0.0685768 -0.0489409 0.00656098 0.0464339 0.0331264 0.0446165 0.10513 0.0193958 -0.0138392 -0.0618103 -0.0456025 -0.0313699 0.00868262 0.0434061 0.0869283 0.00172229 0.00355321
internal_weight=801.876 678.165 456.838 357.171 221.327 316.13 183.814 58.2172 132.316 39.6214 48.0266 92.6941 41.0414 22.0293 65.7258 44.1154 99.667 74.1286 66.8561 15.9441 38.9545 24.5479 59.2616 49.4645 125.597 33.3453 23.9355 16.5811 8.60308 21.0494
internal_count=2722 2436 1922 1584 514 1489 849 200 640 142 131 498 95 93 342 174 338 275 244 48 100 68 323 265 649 151 95 62 41 104
cat_boundaries=0 12 23
cat_threshold=134348928 4194562 33554508 2147811368 0 2048 0 0 0 0 304120064 35717506 524288 270336 1048576 671776769 41943050 791040 536870912 142606592 1346502656 3145856 524288
is_linear=0
shrinkage=0.1


Tree=13
num_leaves=31
num_cat=2
split_feature=15 9 11 15 19 6 16 9 18 21 11 19 5 20 18 4 16 17 23 8 18 12 5 21 14 11 21 11 21 20
split_gain=67.765 37.1853 27.1559 19.3718 14.9007 12.3551 19.3517 11.7636 23.6543 9.8986 10.568 9.79914 9.82445 12.1211 11.8263 15.4565 8.47864 9.55247 8.45101 10.1161 8.28264 13.2169 7.85994 8.89282 9.33915 8.51816 9.5669 10.8061 7.92413 8.48093
threshold=0 15.500000000000002 7.3250000476837167 1 0.14128578454256061 4.5000000000000009 36.84169006347657 47.500000000000007 230.41841888427737 0.11883728951215745 18.229999542236332 0.20327656716108325 2.5000000000000004 0.030066432431340221 658.28216552734386 4994.7595214843759 1.0000000180025095e-35 146.70631408691409 5.5000000000000009 2.5000000000000004 291.11007690429693 4.5000000000000009 2.5000000000000004 0.036244999617338187 28.863804817199711 24.739999771118168 0.028157481923699382 17.244999885559086 0.090713031589984908 0.012529349420219662
decision_type=9 2 10 9 10 10 10 2 2 8 10 8 8 10 2 8 10 10 2 10 2 2 8 8 2 10 10 8 10 10
left_child=-1 3 11 -2 5 -5 20 8 9 10 -4 12 -3 14 15 18 17 -10 19 -14 21 -7 -18 24 -24 26 27 -26 29 -25
right_child=1 2 7 4 -6 6 -8 -9 16 -11 -12 -13 13 -15 -16 -17 22 -19 -20 -21 -22 -23 23 28 25 -27 -28 -29 -30 -31
leaf_value=0.094328938114910846 0.058380950399622281 0.14199060121482707 0.013504632265679415 -0.062198002206713121 0.098492382206693568 0.09617270656105803 0.018071452454175269 0.055780563684720098 0 -0.17479894842309585 -0.14290384865370387 0.12411731301918288 0.022593289391801483 0.077390909792722978 0.10250822806198004 -0.13411693791242824 0.12408093895343444 -0.14526069043428011 0.091969530371689062 -0.12502757234245687 -0.096014327151304535 -0.12302822548801598 0.050924274422550625 0.11720363515985921 0.0057322014010437001 0.073345355508524224 -0.14311948835281127 -0.12502665139993124 -0.045113516937625713 0.032536242637347022
leaf_weight=119.67540450394154 21.188048765063286 11.748221963644026 11.891492478549486 86.910492867231369 8.7643059790134412 6.5359835326671583 74.296976156532764 54.854644492268562 14.741173282265665 8.2540261000394803 6.5860272198915473 25.008820027112961 17.574453718960289 57.496873266994953 11.104840405285357 8.3459052294492704 7.2555355280637741 6.3804042339324942 10.340340003371237 6.1710197553038588 29.020715080201626 4.5923012867569923 18.06831656396389 13.749972768127916 26.537546552717689 6.4186164140701285 8.5668637603521329 8.1421373635530419 10.836003415286539 88.664316207170486
leaf_count=279 67 22 34 525 19 23 291 127 64 41 24 49 68 137 31 47 14 38 22 33 163 29 50 38 100 15 43 35 41 253
internal_value=0.0280424 0.0145511 0.031879 -0.0176433 -0.0268796 -0.0337666 -0.0120531 0.0140944 0.00434704 -0.0839979 -0.0421756 0.0667897 0.0549401 0.04552 0.0110245 -0.0128674 0.0157095 -0.0440702 0.0168335 -0.0157148 -0.0679543 0.00453453 0.0224901 0.0182959 -0.0102438 -0.0327555 -0.0488665 -0.0249512 0.0354473 0.0441043
internal_weight=789.722 670.046 438.738 231.309 210.121 201.356 114.446 290.947 236.092 26.7315 18.4775 147.79 122.782 111.033 53.5366 42.4317 209.361 21.1216 34.0858 23.7455 40.149 11.1283 188.239 180.984 67.7335 49.6652 43.2465 34.6797 113.25 102.414
internal_count=2722 2443 1326 1117 1050 1031 506 917 790 99 58 409 360 338 201 170 691 102 123 101 215 52 589 575 243 193 178 135 332 291
cat_boundaries=0 12 21
cat_threshold=167903360 8450 33554508 2147745832 0 2048 0 0 0 0 304120064 35717506 0 0 0 134217729 33554434 262144 0 8388624 131072
is_linear=0
shrinkage=0.1


Tree=14
num_leaves=31
num_cat=2
split_feature=15 7 15 11 6 20 6 7 3 10 0 20 7 10 0 20 7 10 12 10 16 19 6 12 21 10 20 14 11 12
split_gain=55.739 31.5844 32.0879 14.8812 13.2174 11.1863 13.7489 11.0085 10.7381 10.2048 10.0854 9.86869 9.72553 10.9241 9.64621 9.817 8.69759 13.0874 8.44522 8.4088 8.32447 9.95093 8.59203 8.31751 10.8401 10.761 9.2068 8.36799 11.9789 8.70312
threshold=0 20.500000000000004 1 15.34500026702881 5.5000000000000009 0.040177641436457641 2.5000000000000004 4.5000000000000009 65674.679687500015 4.5000000000000009 24.500000000000004 0.022900051437318329 13.500000000000002 9.5000000000000018 19.500000000000004 0.017959412187337879 4.5000000000000009 10.500000000000002 5.5000000000000009 2.5000000000000004 28.260096549987797 0.0099748987704515475 6.5000000000000009 5.5000000000000009 0.07188220322132112 15.500000000000002 0.030614623799920086 25.542078971862797 11.284999847412111 6.5000000000000009
decision_type=9 10 9 10 8 10 10 8 10 8 10 8 10 8 10 10 8 10 2 10 10 10 8 2 8 8 8 2 10 2
left_child=18 2 4 14 10 6 -4 20 11 19 -2 -5 13 -7 -3 -16 -12 -18 -1 -9 21 -8 -22 -11 27 26 -26 -25 29 -29
right_child=1 3 5 8 -6 12 7 9 -10 23 16 -13 -14 -15 15 -17 17 -19 -20 -21 22 -23 -24 24 25 -27 -28 28 -30 -31
leaf_value=0.021136735202286996 -0.087701107387903987 0.1202569768795626 -0.12019164874650401 0.11225575198657188 0.09244360360598157 0.044137914893626264 0.060726542205900153 -0.017738082453437599 -0.10741060736349702 -0.058900847623295505 -0.076884888763456824 0.01005078398192984 0.042024135196362541 -0.11882182218864959 -0.030810805503342628 0.064299651212805384 0.10914168838201116 -0.0060382210439373727 0.10175641123307091 0.10127982767445405 0.026663369287314088 -0.12566067400717018 0.15868663396578686 0.043668840965615761 0.0080915831347297545 0.075492475021143146 -0.14415553645762749 0.067809795397550374 -0.10792213182616364 -0.047036647953746041
leaf_weight=15.210808783769606 7.6385024338960639 27.075557127594948 14.479166142642496 10.827760726213453 43.080532766878605 7.2311885729432133 4.9973167851567251 13.742796570062639 6.6491389572620383 89.332892589271069 5.8070062696933737 72.479398384690285 50.087336778640747 9.1344309374690038 12.216642066836355 85.471103921532631 20.008352547883987 19.041041232645512 107.64042174071074 10.174908213317392 21.240587256848816 6.3383042141795158 6.4558976739644995 9.5429572910070402 18.176706686615947 19.814577087759972 4.9444957897067061 8.7800487130880338 25.604864992201328 25.22534979134798
leaf_count=56 37 52 125 21 122 26 20 66 23 507 29 190 136 49 35 194 57 79 240 33 89 42 16 31 75 66 28 33 132 113
internal_value=0.0258035 0.0131928 -0.00190394 0.0448377 0.0465388 -0.0162283 -0.0254992 -0.0202318 0.0136721 -0.0287464 0.0174208 0.0235733 0.0200654 -0.0463796 0.0671995 0.0522837 0.0356995 0.0528509 0.0849702 0.0326882 0.0286171 -0.0428048 0.0582572 -0.0361036 -0.0178092 0.0214727 -0.0245166 -0.0423387 -0.0563251 -0.0169787
internal_weight=778.45 655.599 440.879 214.72 95.5754 345.304 278.851 264.372 89.9563 225.34 52.4949 83.3072 66.453 16.3656 124.763 97.6877 44.8564 39.0494 122.851 23.9177 39.0321 11.3356 27.6965 201.422 112.089 42.9358 23.1212 69.1532 59.6103 34.0054
internal_count=2722 2426 1911 515 324 1587 1376 1251 234 1084 202 211 211 75 281 229 165 136 296 99 167 62 105 985 478 169 103 309 278 146
cat_boundaries=0 12 23
cat_threshold=134348928 4194566 33554508 2684682280 0 2048 0 0 0 0 304119808 35717378 524288 270336 68157440 134905857 1115684866 791040 536870912 134218000 1480589312 3145856 524288
is_linear=0
shrinkage=0.1


Tree=15
num_leaves=31
num_cat=4
split_feature=15 15 13 15 11 13 21 6 7 13 19 21 9 11 5 2 7 16 18 19 19 9 5 0 16 7 16 16 5 7
split_gain=55.6151 23.753 24.8707 24.1641 17.5909 13.4116 15.539 12.5006 13.9137 12.0954 10.6349 10.2879 12.4917 9.71705 12.7945 9.64244 10.6078 9.66987 12.4707 9.39422 9.01695 8.73196 11.2755 10.0233 8.68418 9.712 8.06296 10.8333 10.1367 16.4636
threshold=0 1 1638.5449829101565 2 8.9549999237060565 3045.3200683593755 0.073452472686767592 4.5000000000000009 3.5000000000000004 146.7600021362305 0.011649273335933687 0.024955251254141334 13.500000000000002 7.3849999904632577 7.5000000000000009 3 7.5000000000000009 147.62378692626956 637.77035522460949 0.0059041643980890521 0.01704525109380484 15.500000000000002 2.5000000000000004 38.500000000000007 181.38751220703128 3.5000000000000004 63.803552627563484 74.767177581787124 4.5000000000000009 19.500000000000004
decision_type=9 9 8 9 10 10 10 10 8 10 10 8 2 10 10 1 8 8 2 8 10 2 8 10 10 10 10 10 8 10
left_child=10 11 3 24 -4 -6 -7 21 -9 -10 -1 -2 19 -14 -15 16 -11 26 -19 -13 -12 -5 -23 -24 25 -3 28 -28 -17 -30
right_child=1 2 4 7 5 6 -8 8 9 15 20 12 13 14 -16 17 -18 18 -20 -21 -22 22 23 -25 -26 -27 27 -29 29 -31
leaf_value=0.040296166316351474 -0.10429946988286039 -0.036660024576768334 0.087470825991256718 -0.060007166400302896 0.04326084921454304 0.0068270945900679204 -0.17029139582883118 0.085980619774072772 -0.11315186774410563 -0.13150792861506921 0.20941067209249456 0.042162278290920972 0.064908121257295989 -0.07908433114801762 0.040976147978842171 0.069088923996194235 -0.010265080282171043 -0.072491727838258774 0.097691113728969825 -0.12862269473685495 0.10059700343177634 0.11768521344152189 -0.065536481145050549 0.038637909569846175 -0.044662234598384198 0.088718896766872279 0.20580336491424267 0.053544460195037315 -0.10838239254066638 0.078944255264385976
leaf_weight=28.507626101374626 16.564927726984024 6.7733192145824423 79.265700086951256 59.240977548062801 126.19077302515507 21.739785790443424 6.27685922384262 20.602180570363998 9.0129683390259725 8.6741130575537664 8.5937248766422254 4.0386580303311375 18.833130866289139 19.163081884384155 16.261297047138214 18.706336244940761 42.153937742114067 16.780468501150612 5.6493569090962401 13.757800586521624 87.085352316498756 6.6499964445829391 22.314088091254234 15.502489812672136 6.5534874200820914 55.618913270533085 6.0518108159303692 21.375069968402386 11.687286868691443 7.6496170833706847
leaf_count=90 79 33 172 396 305 60 24 65 49 54 17 17 52 83 41 71 185 78 17 79 198 14 116 68 29 184 13 77 71 20
internal_value=0.0286939 0.0160712 0.0235884 0.00674378 0.0491444 0.0293351 -0.0329635 -0.00731491 0.00919417 -0.00149682 0.087603 -0.0299856 -0.0167975 0.00691586 -0.0237298 0.00576151 -0.0262212 0.024566 -0.0289409 -0.0892876 0.110683 -0.0348973 -0.00116047 -0.0225783 0.0553374 0.0749108 0.0468124 0.0881297 0.0166101 -0.0337372
internal_weight=787.275 663.088 574.47 340.996 233.473 154.207 28.0166 272.051 168.343 147.741 124.187 88.6189 72.054 54.2575 35.4244 138.728 50.8281 87.8999 22.4298 17.7965 95.6791 103.708 44.4666 37.8166 68.9457 62.3922 65.4701 27.4269 38.0432 19.3369
internal_count=2757 2452 2101 1540 561 389 84 1294 700 635 305 351 272 176 124 586 239 347 95 96 215 594 198 184 246 217 252 90 162 91
cat_boundaries=0 12 24 34 35
cat_threshold=167903328 35660038 2060 3355443240 0 0 0 134217728 0 1048576 2621696 33624320 1073741824 8389120 8388640 17469442 14155793 536871424 0 8388608 0 0 20971520 2112 524288 4259840 68157440 536870913 1107296256 262208 268566624 33554448 1350565888 2100248 3
is_linear=0
shrinkage=0.1


end of trees

feature_importances:
Interest_Rate=38
Changed_Credit_Limit=37
Outstanding_Debt=36
Delay_from_due_date=31
Num_Credit_Card=30
monthly_debt_service_ratio=30
Amount_invested_monthly=29
investment_rate=29
debt_to_income_ratio=26
Num_of_Delayed_Payment=23
Num_Credit_Inquiries=22
Total_EMI_per_month=22
Monthly_Balance=22
Annual_Income=19
Num_Bank_Accounts=18
Age=16
Credit_History_Age=15
Credit_Utilization_Ratio=10
financial_risk_score=9
Monthly_Inhand_Salary=8
Num_of_Loan=8
occupation_category=2

parameters:
[boosting: gbdt]
[objective: binary]
[metric: auc]
[tree_learner: serial]
[device_type: cpu]
[data_sample_strategy: bagging]
[data: ]
[valid: ]
[num_iterations: 1000]
[learning_rate: 0.1]
[num_leaves: 31]
[num_threads: -1]
[seed: 42]
[deterministic: 0]
[force_col_wise: 1]
[force_row_wise: 0]
[histogram_pool_size: -1]
[max_depth: -1]
[min_data_in_leaf: 20]
[min_sum_hessian_in_leaf: 0.001]
[bagging_fraction: 0.8]
[pos_bagging_fraction: 1]
[neg_bagging_fraction: 1]
[bagging_freq: 5]
[bagging_seed: 400]
[bagging_by_query: 0]
[feature_fraction: 0.8]
[feature_fraction_bynode: 1]
[feature_fraction_seed: 30056]
[extra_trees: 0]
[extra_seed: 12879]
[early_stopping_round: 0]
[early_stopping_min_delta: 0]
[first_metric_only: 0]
[max_delta_step: 0]
[lambda_l1: 0.1]
[lambda_l2: 0.1]
[linear_lambda: 0]
[min_gain_to_split: 0]
[drop_rate: 0.1]
[max_drop: 50]
[skip_drop: 0.5]
[xgboost_dart_mode: 0]
[uniform_drop: 0]
[drop_seed: 17869]
[top_rate: 0.2]
[other_rate: 0.1]
[min_data_per_group: 100]
[max_cat_threshold: 32]
[cat_l2: 10]
[cat_smooth: 10]
[max_cat_to_onehot: 4]
[top_k: 20]
[monotone_constraints: ]
[monotone_constraints_method: basic]
[monotone_penalty: 0]
[feature_contri: ]
[forcedsplits_filename: ]
[refit_decay_rate: 0.9]
[cegb_tradeoff: 1]
[cegb_penalty_split: 0]
[cegb_penalty_feature_lazy: ]
[cegb_penalty_feature_coupled: ]
[path_smooth: 0]
[interaction_constraints: ]
[verbosity: -1]
[saved_feature_importance_type: 0]
[use_quantized_grad: 0]
[num_grad_quant_bins: 4]
[quant_train_renew_leaf: 0]
[stochastic_rounding: 1]
[linear_tree: 0]
[max_bin: 255]
[max_bin_by_feature: ]
[min_data_in_bin: 3]
[bin_construct_sample_cnt: 200000]
[data_random_seed: 175]
[is_enable_sparse: 1]
[enable_bundle: 1]
[use_missing: 1]
[zero_as_missing: 0]
[feature_pre_filter: 1]
[pre_partition: 0]
[two_round: 0]
[header: 0]
[label_column: ]
[weight_column: ]
[group_column: ]
[ignore_column: ]
[categorical_feature: 1,2,15,22]
[forcedbins_filename: ]
[precise_float_parser: 0]
[parser_config_file: ]
[objective_seed: 16083]
[num_class: 1]
[is_unbalance: 1]
[scale_pos_weight: 1]
[sigmoid: 1]
[boost_from_average: 1]
[reg_sqrt: 0]
[alpha: 0.9]
[fair_c: 1]
[poisson_max_delta_step: 0.7]
[tweedie_variance_power: 1.5]
[lambdarank_truncation_level: 30]
[lambdarank_norm: 1]
[label_gain: ]
[lambdarank_position_bias_regularization: 0]
[eval_at: ]
[multi_error_top_k: 1]
[auc_mu_weights: ]
[num_machines: 1]
[local_listen_port: 12400]
[time_out: 120]
[machine_list_filename: ]
[machines: ]
[gpu_platform_id: -1]
[gpu_device_id: -1]
[gpu_use_dp: 0]
[num_gpu: 1]

end of parameters

pandas_categorical:[["Adult", "Middle", "Senior", "Unknown", "Young"], ["Education_Media", "Management", "Other", "Professional", "Skilled_Trade", "Technical"], ["0 Years and 10 Months", "0 Years and 11 Months", "0 Years and 8 Months", "0 Years and 9 Months", "1 Years and 0 Months", "1 Years and 10 Months", "1 Years and 11 Months", "1 Years and 2 Months", "1 Years and 3 Months", "1 Years and 4 Months", "1 Years and 5 Months", "1 Years and 6 Months", "1 Years and 7 Months", "1 Years and 8 Months", "1 Years and 9 Months", "10 Years and 0 Months", "10 Years and 1 Months", "10 Years and 10 Months", "10 Years and 11 Months", "10 Years and 2 Months", "10 Years and 3 Months", "10 Years and 4 Months", "10 Years and 5 Months", "10 Years and 6 Months", "10 Years and 7 Months", "10 Years and 8 Months", "10 Years and 9 Months", "11 Years and 0 Months", "11 Years and 1 Months", "11 Years and 10 Months", "11 Years and 11 Months", "11 Years and 2 Months", "11 Years and 3 Months", "11 Years and 4 Months", "11 Years and 5 Months", "11 Years and 6 Months", "11 Years and 7 Months", "11 Years and 8 Months", "11 Years and 9 Months", "12 Years and 0 Months", "12 Years and 10 Months", "12 Years and 11 Months", "12 Years and 2 Months", "12 Years and 3 Months", "12 Years and 4 Months", "12 Years and 5 Months", "12 Years and 6 Months", "12 Years and 7 Months", "12 Years and 8 Months", "12 Years and 9 Months", "13 Years and 0 Months", "13 Years and 1 Months", "13 Years and 10 Months", "13 Years and 11 Months", "13 Years and 2 Months", "13 Years and 3 Months", "13 Years and 4 Months", "13 Years and 5 Months", "13 Years and 6 Months", "13 Years and 7 Months", "13 Years and 8 Months", "13 Years and 9 Months", "14 Years and 0 Months", "14 Years and 1 Months", "14 Years and 10 Months", "14 Years and 11 Months", "14 Years and 2 Months", "14 Years and 3 Months", "14 Years and 4 Months", "14 Years and 5 Months", "14 Years and 6 Months", "14 Years and 8 Months", "14 Years and 9 Months", "15 Years and 0 Months", "15 Years and 1 Months", "15 Years and 10 Months", "15 Years and 11 Months", "15 Years and 2 Months", "15 Years and 3 Months", "15 Years and 4 Months", "15 Years and 5 Months", "15 Years and 6 Months", "15 Years and 7 Months", "15 Years and 8 Months", "15 Years and 9 Months", "16 Years and 0 Months", "16 Years and 1 Months", "16 Years and 10 Months", "16 Years and 11 Months", "16 Years and 2 Months", "16 Years and 3 Months", "16 Years and 4 Months", "16 Years and 5 Months", "16 Years and 6 Months", "16 Years and 7 Months", "16 Years and 8 Months", "16 Years and 9 Months", "17 Years and 0 Months", "17 Years and 1 Months", "17 Years and 10 Months", "17 Years and 11 Months", "17 Years and 2 Months", "17 Years and 3 Months", "17 Years and 4 Months", "17 Years and 5 Months", "17 Years and 6 Months", "17 Years and 7 Months", "17 Years and 8 Months", "17 Years and 9 Months", "18 Years and 0 Months", "18 Years and 1 Months", "18 Years and 10 Months", "18 Years and 11 Months", "18 Years and 2 Months", "18 Years and 3 Months", "18 Years and 4 Months", "18 Years and 5 Months", "18 Years and 6 Months", "18 Years and 7 Months", "18 Years and 8 Months", "18 Years and 9 Months", "19 Years and 0 Months", "19 Years and 1 Months", "19 Years and 10 Months", "19 Years and 11 Months", "19 Years and 2 Months", "19 Years and 3 Months", "19 Years and 4 Months", "19 Years and 5 Months", "19 Years and 6 Months", "19 Years and 7 Months", "19 Years and 8 Months", "19 Years and 9 Months", "2 Years and 0 Months", "2 Years and 10 Months", "2 Years and 11 Months", "2 Years and 2 Months", "2 Years and 3 Months", "2 Years and 4 Months", "2 Years and 5 Months", "2 Years and 6 Months", "2 Years and 8 Months", "2 Years and 9 Months", "20 Years and 0 Months", "20 Years and 1 Months", "20 Years and 10 Months", "20 Years and 11 Months", "20 Years and 2 Months", "20 Years and 3 Months", "20 Years and 4 Months", "20 Years and 5 Months", "20 Years and 6 Months", "20 Years and 7 Months", "20 Years and 8 Months", "20 Years and 9 Months", "21 Years and 0 Months", "21 Years and 1 Months", "21 Years and 10 Months", "21 Years and 11 Months", "21 Years and 2 Months", "21 Years and 3 Months", "21 Years and 4 Months", "21 Years and 5 Months", "21 Years and 6 Months", "21 Years and 7 Months", "21 Years and 8 Months", "21 Years and 9 Months", "22 Years and 0 Months", "22 Years and 1 Months", "22 Years and 10 Months", "22 Years and 11 Months", "22 Years and 2 Months", "22 Years and 3 Months", "22 Years and 4 Months", "22 Years and 5 Months", "22 Years and 6 Months", "22 Years and 7 Months", "22 Years and 8 Months", "22 Years and 9 Months", "23 Years and 0 Months", "23 Years and 1 Months", "23 Years and 10 Months", "23 Years and 11 Months", "23 Years and 2 Months", "23 Years and 3 Months", "23 Years and 4 Months", "23 Years and 5 Months", "23 Years and 6 Months", "23 Years and 7 Months", "23 Years and 8 Months", "23 Years and 9 Months", "24 Years and 0 Months", "24 Years and 1 Months", "24 Years and 10 Months", "24 Years and 11 Months", "24 Years and 2 Months", "24 Years and 3 Months", "24 Years and 4 Months", "24 Years and 5 Months", "24 Years and 6 Months", "24 Years and 7 Months", "24 Years and 8 Months", "24 Years and 9 Months", "25 Years and 0 Months", "25 Years and 1 Months", "25 Years and 10 Months", "25 Years and 11 Months", "25 Years and 2 Months", "25 Years and 3 Months", "25 Years and 4 Months", "25 Years and 5 Months", "25 Years and 6 Months", "25 Years and 8 Months", "25 Years and 9 Months", "26 Years and 0 Months", "26 Years and 1 Months", "26 Years and 10 Months", "26 Years and 11 Months", "26 Years and 2 Months", "26 Years and 3 Months", "26 Years and 4 Months", "26 Years and 5 Months", "26 Years and 6 Months", "26 Years and 8 Months", "26 Years and 9 Months", "27 Years and 0 Months", "27 Years and 1 Months", "27 Years and 10 Months", "27 Years and 11 Months", "27 Years and 2 Months", "27 Years and 3 Months", "27 Years and 4 Months", "27 Years and 5 Months", "27 Years and 6 Months", "27 Years and 8 Months", "27 Years and 9 Months", "28 Years and 0 Months", "28 Years and 10 Months", "28 Years and 11 Months", "28 Years and 2 Months", "28 Years and 3 Months", "28 Years and 4 Months", "28 Years and 5 Months", "28 Years and 6 Months", "28 Years and 7 Months", "28 Years and 8 Months", "28 Years and 9 Months", "29 Years and 0 Months", "29 Years and 1 Months", "29 Years and 10 Months", "29 Years and 11 Months", "29 Years and 2 Months", "29 Years and 3 Months", "29 Years and 4 Months", "29 Years and 5 Months", "29 Years and 6 Months", "29 Years and 7 Months", "29 Years and 8 Months", "29 Years and 9 Months", "3 Years and 0 Months", "3 Years and 10 Months", "3 Years and 11 Months", "3 Years and 2 Months", "3 Years and 3 Months", "3 Years and 4 Months", "3 Years and 5 Months", "3 Years and 6 Months", "3 Years and 7 Months", "3 Years and 8 Months", "3 Years and 9 Months", "30 Years and 0 Months", "30 Years and 1 Months", "30 Years and 10 Months", "30 Years and 11 Months", "30 Years and 2 Months", "30 Years and 3 Months", "30 Years and 4 Months", "30 Years and 5 Months", "30 Years and 6 Months", "30 Years and 8 Months", "30 Years and 9 Months", "31 Years and 0 Months", "31 Years and 1 Months", "31 Years and 10 Months", "31 Years and 11 Months", "31 Years and 2 Months", "31 Years and 3 Months", "31 Years and 4 Months", "31 Years and 5 Months", "31 Years and 6 Months", "31 Years and 7 Months", "31 Years and 8 Months", "31 Years and 9 Months", "32 Years and 0 Months", "32 Years and 1 Months", "32 Years and 10 Months", "32 Years and 11 Months", "32 Years and 2 Months", "32 Years and 3 Months", "32 Years and 4 Months", "32 Years and 5 Months", "32 Years and 6 Months", "32 Years and 7 Months", "32 Years and 8 Months", "32 Years and 9 Months", "33 Years and 0 Months", "33 Years and 1 Months", "33 Years and 2 Months", "33 Years and 3 Months", "33 Years and 4 Months", "33 Years and 5 Months", "33 Years and 6 Months", "33 Years and 7 Months", "33 Years and 8 Months", "4 Years and 0 Months", "4 Years and 1 Months", "4 Years and 10 Months", "4 Years and 11 Months", "4 Years and 2 Months", "4 Years and 3 Months", "4 Years and 4 Months", "4 Years and 5 Months", "4 Years and 6 Months", "4 Years and 8 Months", "4 Years and 9 Months", "5 Years and 0 Months", "5 Years and 1 Months", "5 Years and 10 Months", "5 Years and 11 Months", "5 Years and 2 Months", "5 Years and 3 Months", "5 Years and 4 Months", "5 Years and 5 Months", "5 Years and 6 Months", "5 Years and 7 Months", "5 Years and 8 Months", "5 Years and 9 Months", "6 Years and 0 Months", "6 Years and 1 Months", "6 Years and 10 Months", "6 Years and 11 Months", "6 Years and 2 Months", "6 Years and 3 Months", "6 Years and 4 Months", "6 Years and 5 Months", "6 Years and 6 Months", "6 Years and 7 Months", "6 Years and 8 Months", "6 Years and 9 Months", "7 Years and 0 Months", "7 Years and 1 Months", "7 Years and 10 Months", "7 Years and 11 Months", "7 Years and 2 Months", "7 Years and 3 Months", "7 Years and 4 Months", "7 Years and 5 Months", "7 Years and 6 Months", "7 Years and 8 Months", "7 Years and 9 Months", "8 Years and 0 Months", "8 Years and 1 Months", "8 Years and 10 Months", "8 Years and 11 Months", "8 Years and 2 Months", "8 Years and 3 Months", "8 Years and 4 Months", "8 Years and 5 Months", "8 Years and 6 Months", "8 Years and 8 Months", "8 Years and 9 Months", "9 Years and 0 Months", "9 Years and 10 Months", "9 Years and 11 Months", "9 Years and 2 Months", "9 Years and 3 Months", "9 Years and 4 Months", "9 Years and 5 Months", "9 Years and 6 Months", "9 Years and 7 Months", "9 Years and 8 Months", "9 Years and 9 Months"], ["Very_High"]]
