tree
version=v4
num_class=1
num_tree_per_iteration=1
label_index=0
max_feature_idx=23
objective=binary sigmoid:1
feature_names=Age age_group occupation_category Annual_Income Monthly_Inhand_Salary Num_Bank_Accounts Num_Credit_Card Interest_Rate Num_of_Loan Delay_from_due_date Num_of_Delayed_Payment Changed_Credit_Limit Num_Credit_Inquiries Outstanding_Debt Credit_Utilization_Ratio Credit_History_Age Total_EMI_per_month Amount_invested_monthly Monthly_Balance debt_to_income_ratio monthly_debt_service_ratio investment_rate credit_utilization_category financial_risk_score
feature_infos=[14:56] -1:1:0:4:2:3 -1:3:0:5:1:4:2 [7005.93017578125:165774.5625] [333.5966796875:13627.169921875] [-1:57] [0:21] [1:99] [0:9] [-5:67] [0:28] [-6.4899997711181641:33.740001678466797] [0:2536] [0.54000002145767212:4579.43994140625] [20.10076904296875:47.178447723388672] -1:82:87:101:141:85:121:92:106:149:86:93:114:123:72:104:108:109:125:147:73:117:58:100:105:110:112:116:270:359:84:126:128:129:97:99:111:120:228:272:331:366:46:96:98:124:145:158:251:298:43:53:102:113:148:188:216:282:300:306:341:354:24:33:48:50:51:118:122:165:182:186:194:210:223:249:254:278:305:308:357:360:25:30:56:59:66:164:166:168:224:231:235:239:273:295:330:335:337:339:346:352:358:364:374:20:27:39:81:94:143:151:162:167:170:180:189:195:196:201:202:238:240:246:266:271:276:283:288:290:292:297:307:333:340:14:16:21:28:40:55:60:80:89:212:242:284:286:289:343:347:17:18:29:36:52:67:88:90:146:154:155:173:207:214:226:227:247:285:293:322:344:345:370:76:156:211:219:225:234:236:250:252:268:269:294:329:334:336:349:350:356:367:368:369:371:19:23:31:32:35:37:38:44:54:64:68:69:75:78:144:157:160:183:187:190:191:200:204:274:277:301:302:304:321:323:348:351:355:362:372:375:65:77:139:152:169:177:181:206:213:218:220:230:248:281:296:332:8:22:62:153:159:171:174:175:178:179:203:222:232:244:255:363:6:10:12:13:42:47:70:71:133:185:192:208:237:243:318:328:1:41:63:74:131:136:163:199:257:261:326:130:140:184:198:215:263:280:324:327:3:5:134:135:193:256:259:299:316:325:2:9:258:262:264:265:319:320:365 [0:391.62936401367188] [0:489.45126342773438] [6.2415094375610352:1463.7923583984375] [4.1678899833641481e-06:0.56294429302215576] [0:0.20651867985725403] [0:0.15422043204307556] none [2:8]
tree_sizes=3493 3359 3380 3437 3460 3454 3396 3454 3386 3511

Tree=0
num_leaves=31
num_cat=2
split_feature=13 7 15 11 7 9 13 8 4 15 17 19 18 9 5 19 17 17 7 9 5 9 10 19 7 9 17 13 4 4
split_gain=1006.73 159.431 98.9467 69.7262 41.7923 39.8275 21.453 19.8519 24.6726 20.5001 19.3135 22.9852 18.8011 18.5403 35.3115 22.8154 18.4594 18.3211 18.1338 17.1324 16.8194 16.0203 27.3237 15.4061 15.3581 17.6285 15.4276 14.2148 15.7746 13.0504
threshold=1483.2800292968752 20.500000000000004 0 18.204999923706058 14.500000000000002 34.500000000000007 2228.880004882813 4.5000000000000009 5080.2363281250009 1 58.274757385253913 0.049475209787487991 733.74331665039074 19.500000000000004 2.5000000000000004 0.03712491691112519 206.14147949218753 91.009117126464858 16.500000000000004 58.500000000000007 6.5000000000000009 22.500000000000004 8.5000000000000018 0.080984339118003859 6.5000000000000009 17.500000000000004 87.118038177490249 740.04498291015636 5916.6982421875009 2527.9670410156255
decision_type=8 10 9 10 8 2 8 10 8 9 8 10 10 2 8 10 10 10 10 2 10 2 10 10 8 2 8 10 10 8
left_child=1 2 21 4 23 7 -5 9 20 16 11 -6 13 -11 -15 18 -4 -14 -16 -8 29 24 -23 -2 -1 26 -26 28 -28 -9
right_child=3 -3 5 6 10 -7 19 8 -10 12 -12 -13 17 14 15 -17 -18 -19 -20 -21 -22 22 -24 -25 25 -27 27 -29 -30 -31
leaf_value=-0.93008405400649086 -0.76750602892908726 -0.6814479393867483 -0.93396231346706904 -0.65467054063485941 -0.89133892590307706 -0.69784416571572261 -0.80032449159352748 -0.98185889318076658 -1.0653936151168106 -0.99996561041759457 -0.65327187117736329 -0.69687693878560741 -1.0240743931335337 -0.69543848946062825 -1.0254882460633454 -0.86453044256817269 -0.79583062717100539 -0.88080318925613199 -0.88874475398888364 -0.66843222837523086 -0.73385199044399441 -0.60845508103488521 -0.83698969999869288 -0.97101763573700417 -0.92765091240572273 -0.95742712336395974 -0.78142937757861075 -0.72715814014213442 -0.98101532634400213 -0.80438731959910148
leaf_weight=21.791718021035194 11.662260264158251 27.994778171181679 37.469131916761398 14.572894439101217 7.0342673957347861 6.048089310526847 92.185109704732895 8.8460174202919095 5.6803857684135428 178.77013672888279 211.81414666771889 54.324324205517769 11.577730715274809 5.330996960401535 40.724928423762321 18.465480223298073 12.879485785961149 37.525484949350357 12.539958760142325 11.284694939851759 9.7279423922300321 7.6048418581485775 17.356734290719032 5.2887321859598151 8.8601056784391385 9.1573679298162443 11.350909754633905 22.121383264660835 5.8973449468612662 7.5625770837068549
leaf_count=89 36 72 154 35 27 16 304 39 28 806 510 145 54 14 190 68 42 142 48 28 28 16 61 23 36 39 36 63 26 25
internal_value=-0.821639 -0.913214 -0.926329 -0.703846 -0.67738 -0.949732 -0.769136 -0.95426 -0.878814 -0.961057 -0.667896 -0.718908 -0.970093 -0.982288 -0.941112 -0.959811 -0.903833 -0.91491 -0.993091 -0.785605 -0.837521 -0.844294 -0.765959 -0.831456 -0.85847 -0.831371 -0.807222 -0.780448 -0.850146 -0.900404
internal_weight=933.45 525.284 497.289 408.166 290.124 393.148 118.043 387.1 31.8169 355.283 273.173 61.3586 304.935 255.832 77.0614 71.7304 50.3486 49.1032 53.2649 103.47 26.1365 104.14 24.9616 16.951 79.1788 57.3871 48.2297 39.3696 17.2483 16.4086
internal_count=3200 2092 2020 1108 741 1654 367 1638 120 1518 682 172 1322 1126 320 306 196 196 238 332 92 366 77 59 289 200 161 125 62 64
cat_boundaries=0 10 20
cat_threshold=0 0 536871424 337908267 75792386 537919680 0 285474835 67502080 66 0 0 268697600 155652 1073741824 32768 295424 67108864 268468224 262180
is_linear=0
shrinkage=1


Tree=1
num_leaves=31
num_cat=0
split_feature=13 7 6 11 6 7 13 23 13 21 17 10 9 13 9 19 13 13 9 10 21 13 5 7 12 17 17 7 17 0
split_gain=704.893 115.46 55.5639 43.7087 41.6213 31.9693 27.6441 22.5083 35.3378 20.3108 21.0771 15.3941 29.0784 23.406 15.3379 14.4488 20.4396 15.7398 16.4855 14.4314 19.5836 13.9666 16.7336 22.7666 23.9093 14.9605 13.9039 20.5878 13.2795 12.919
threshold=1483.2800292968752 20.500000000000004 6.5000000000000009 17.57499980926514 2.5000000000000004 9.5000000000000018 438.09500122070318 4.5000000000000009 1137.2449951171877 0.029375244863331321 350.92256164550787 6.5000000000000009 16.500000000000004 1166.7750244140627 27.500000000000004 0.0050265048630535611 64.224998474121108 1113.360046386719 15.500000000000002 16.500000000000004 0.015603881794959308 2228.880004882813 6.5000000000000009 27.500000000000004 12.500000000000002 136.65483093261722 56.21600532531739 16.500000000000004 89.751098632812514 38.500000000000007
decision_type=8 10 10 10 8 8 10 2 10 10 10 8 2 10 2 8 10 10 2 10 10 8 10 8 2 10 8 10 8 10
left_child=1 2 4 5 -1 -2 28 -8 -9 11 15 12 13 -6 19 16 -11 29 -19 -13 -21 -5 25 -24 -25 -23 27 -7 -4 -17
right_child=3 -3 6 21 9 26 7 8 -10 10 -12 14 -14 -15 -16 17 -18 18 -20 20 -22 22 23 24 -26 -27 -28 -29 -30 -31
leaf_value=-0.13693431924311125 0.01022283673784668 0.20248640268092721 0.074555298264809514 0.21743483711736611 -0.064817810340117674 0.024983429017099129 0.14871013448088385 -0.072268179122570525 0.13560248786100154 -0.026462393891108823 -0.1007480165716369 -0.074732895779378625 0.19301238606187451 0.14044771716585688 0.053513117464159134 -0.03876565517844139 0.15649559111211214 0.0014871055846052861 0.11515585289389491 0.06425689264562455 -0.095946420706586322 0.22474870207583014 0.1363233131062758 0.077825380567434321 -0.14166273471229879 0.072717968523931226 0.22365590942794189 0.19215190876961671 -0.096248070866881377 0.031576464800858024
leaf_weight=25.258882269263268 8.1568283438682538 30.784006953239441 7.0445803105831173 19.839415013790131 24.114893108606342 8.7438586354255659 41.861567661166191 15.366370156407354 17.191534176468849 9.1046260297298449 13.854889661073683 95.284765362739563 8.1818194985389692 7.0960904061794272 14.271251440048216 58.109722793102264 17.779600903391838 24.946423783898354 26.41569459438324 19.789496347308159 12.27453865110874 25.199208632111549 58.228554263710976 20.339882493019108 6.4389646351337424 9.1610387563705427 235.55164600908756 53.418794959783554 12.298613816499708 47.153789386153221
leaf_count=127 31 72 26 44 109 31 130 70 53 39 66 438 22 22 53 253 54 101 85 73 58 60 170 67 30 30 513 132 58 183
internal_value=0.0930161 0.0148659 0.00319566 0.185712 -0.0128961 0.206961 0.0725153 0.100204 0.0372666 -0.00455547 0.0175972 -0.0287609 0.0263241 -0.01753 -0.0441616 0.0266367 0.0942959 0.0149066 0.0602518 -0.0552193 0.0025104 0.138836 0.125518 0.101236 0.0243468 0.184834 0.212312 0.168876 -0.0334655 -0.00716026
internal_weight=973.261 528.183 497.399 445.078 403.636 305.871 93.7627 74.4195 32.5579 378.378 197.365 181.013 39.3928 31.211 141.62 183.51 26.8842 156.626 51.3621 127.349 32.064 139.207 119.368 85.0074 26.7788 34.3602 297.714 62.1627 19.3432 105.264
internal_count=3200 2092 2020 1108 1683 707 337 253 123 1556 781 775 153 131 622 715 93 622 186 569 131 401 357 267 97 90 676 163 84 436
is_linear=0
shrinkage=0.1


Tree=2
num_leaves=31
num_cat=0
split_feature=13 7 6 6 13 16 5 13 8 18 7 17 21 10 7 13 7 10 18 3 20 6 4 0 17 10 17 14 8 14
split_gain=522.161 87.5038 45.3313 34.9716 25.2254 23.3612 21.607 21.1865 20.5217 18.1945 18.1471 16.9974 16.9047 15.9056 15.2012 15.1238 14.1419 13.0194 13.0395 13.9998 12.6258 12.4688 13.3463 17.6952 17.2152 10.6616 9.9459 9.66477 9.65131 13.0733
threshold=1483.2800292968752 20.500000000000004 2.5000000000000004 6.5000000000000009 2401.3950195312505 250.70326232910159 5.5000000000000009 438.09500122070318 4.5000000000000009 741.42752075195324 15.500000000000002 101.72551727294923 0.026028976775705818 5.5000000000000009 4.5000000000000009 997.86502075195324 14.500000000000002 4.5000000000000009 931.34329223632824 110503.48437500001 0.033198554068803794 7.5000000000000009 8762.4106445312518 48.500000000000007 168.37641906738284 1.0000000180025095e-35 347.57501220703131 27.729702949523929 1.0000000180025095e-35 39.020059585571296
decision_type=8 10 8 10 8 8 8 10 10 10 10 10 8 8 10 10 8 10 10 10 10 10 10 10 10 10 10 2 10 2
left_child=1 2 -1 5 6 8 16 14 9 12 20 -11 -4 -7 -5 -10 -2 -13 19 -19 -6 22 23 24 27 -14 28 -9 29 -27
right_child=4 -3 3 7 10 13 -8 21 15 11 -12 17 25 -15 -16 -17 -18 18 -20 -21 -22 -23 -24 -25 -26 26 -28 -29 -30 -31
leaf_value=-0.13205120745956658 -0.0010877499694146495 0.17163017700158717 -0.063434994430679209 0.12146505098316579 0.12271562651364494 0.036735366496207629 0.19592229100350445 0.072117991720607635 0.0013965357590416333 -0.059021651748700145 0.14337718766690979 0.18666402614679659 -0.10749281277214207 -0.10651974904828065 -0.082700551090271024 0.16095709595837182 0.14562964337539708 0.011627485697523908 -0.038307702628738588 0.19799569095980443 -0.042376433755656064 0.1889171394981361 0.17076943515259096 0.15390509253947326 0.11867609849099765 -0.05735626352236161 -0.10166645203981609 -0.05394755547791779 0.020628086197193668 0.11635880635703927
leaf_weight=23.659629419445992 8.6640332341194135 32.593010917305946 51.998522400856018 4.7637503147125271 8.9928124248981494 9.9195631891489011 189.05029258131981 8.1362480372190493 10.552573874592783 9.941390782594679 227.73781535029411 9.688030079007147 8.7157944142818433 33.258682921528816 14.277079075574873 13.883083209395407 25.41748683154583 8.1922649741172844 10.043090417981146 8.0993287861347181 9.2484468072652799 10.345829233527182 11.029962688684462 12.608440548181532 12.353586509823797 33.803341373801231 8.2894058078527433 22.808884784579277 155.72494408488274 4.8416457325220099
leaf_count=127 32 72 243 16 24 38 387 28 42 46 570 24 42 163 68 38 60 32 43 22 35 25 29 36 38 150 42 97 615 16
internal_value=0.0812409 0.013154 0.00270734 0.00949168 0.158056 -0.00422926 0.182614 0.0632393 0.00470429 -0.00224573 0.135674 0.0556986 -0.0124135 -0.0733691 -0.030731 0.0927447 0.108145 0.0877111 0.0503615 0.105533 0.0386929 0.0865306 0.0702983 0.0500282 0.0192643 0.000114669 0.00484261 -0.0203541 0.00948633 -0.0350901
internal_weight=998.639 529.528 496.935 473.275 469.111 376.952 223.132 96.3238 333.773 309.338 245.979 45.9641 263.374 43.1782 19.0408 24.4357 34.0815 36.0227 26.3347 16.2916 18.2413 77.283 66.9371 55.9072 43.2987 211.375 202.659 30.9451 194.37 38.645
internal_count=3200 2092 2020 1893 1108 1556 479 337 1355 1275 629 167 1108 201 84 80 92 121 97 54 59 253 228 199 163 865 823 125 781 166
is_linear=0
shrinkage=0.1


Tree=3
num_leaves=31
num_cat=1
split_feature=13 6 15 7 11 6 7 8 6 23 13 19 17 11 10 13 9 19 18 0 10 9 0 16 19 10 17 17 3 17
split_gain=399.863 69.0521 71.8181 29.9749 29.9189 23.8143 16.8233 15.5459 17.8563 17.2922 16.5982 15.7915 19.1287 16.527 16.1239 14.2638 13.5705 19.4802 16.6565 13.271 13.2192 12.9303 12.5871 12.5863 12.189 11.5946 11.5924 11.5745 12.5302 16.0592
threshold=1483.2800292968752 7.5000000000000009 0 20.500000000000004 18.204999923706058 2.5000000000000004 10.500000000000002 4.5000000000000009 6.5000000000000009 4.5000000000000009 1079.195007324219 0.011310928035527469 193.66119384765628 11.015000343322756 4.5000000000000009 1020.7550048828126 16.500000000000004 0.029402879998087886 313.65478515625006 33.500000000000007 14.500000000000002 22.500000000000004 38.500000000000007 94.251335144042983 0.0059838069137185821 16.500000000000004 76.144500732421889 120.88297653198244 66818.421875000015 233.01145172119143
decision_type=8 10 9 10 10 8 8 10 10 2 10 8 10 10 8 10 2 8 10 10 10 2 10 10 10 10 8 8 8 10
left_child=1 2 20 5 6 -4 -2 8 11 24 22 12 13 -7 -14 -11 -13 26 25 -20 21 27 -9 -15 -10 -19 -18 -1 29 -29
right_child=4 -3 3 -5 -6 7 -8 10 9 15 -12 16 14 23 -16 -17 17 18 19 -21 -22 -23 -24 -25 -26 -27 -28 28 -30 -31
leaf_value=0.0068631070091777491 0.040610587681400127 0.16654909668572893 -0.12771082898445546 0.11871509828163296 0.097466746320258035 -0.065405564700761809 0.15746512710289606 -0.075243406712223279 -0.035329865526163573 -0.11424998981025306 0.11905950947604144 -0.082382128121812351 0.15189389702288511 -0.0343587365359155 0.0095567613649057033 0.048879926158414459 0.046897880324708124 -0.13965040837355214 0 0.16549012996687165 0.011861089826410797 0.17745061232524006 0.1128855152113185 0.11122790797417058 0.093523472711772512 0.056560779786440599 -0.11313489897652931 0.20106444165164794 0.050384920294647022 0.012335324714250558
leaf_weight=17.093600273132324 13.117906674742697 27.216058924794197 20.285674527287483 15.536488384008406 136.63284167647362 56.73219421505928 334.775400608778 12.21871502697468 9.4001508355140668 12.809347182512285 16.583451256155968 85.241522341966629 10.821875154972075 12.451569169759752 30.038931652903557 8.9873078912496549 5.5163168460130718 7.1023698449134844 8.9206043034791964 10.636877447366713 22.550387293100357 16.81123548746109 4.8790488690137854 11.074439346790312 31.219486594200134 5.0131664276123047 22.258736774325371 18.133582651615146 23.499174907803535 6.1612170487642279
leaf_count=69 44 59 117 36 367 266 697 57 39 65 46 412 30 56 120 31 23 34 36 32 86 42 16 39 97 18 111 46 87 22
internal_value=0.0718278 0.0117052 0.00325854 -0.0164872 0.137456 -0.0224703 0.153101 -0.0165101 -0.0231729 0.0248377 0.0479996 -0.0344893 -0.00774212 -0.0361567 0.0477773 -0.0466147 -0.0567893 -0.0198476 0.0334962 0.0905958 0.0731966 0.0989172 -0.0206329 0.033931 0.0634453 -0.0578451 -0.0809383 0.078175 0.103403 0.153859
internal_weight=1013.72 529.194 501.977 397.728 484.526 382.192 347.893 361.906 328.225 62.4163 33.6812 265.809 121.119 80.2582 40.8608 21.7967 144.69 59.4481 31.673 19.5575 104.249 81.6988 17.0978 23.526 40.6196 12.1155 27.7751 64.8876 47.794 24.2948
internal_count=3200 2092 2033 1681 1108 1645 741 1528 1409 232 119 1177 511 361 150 96 666 254 120 68 352 266 73 95 136 52 134 224 155 68
cat_boundaries=0 10
cat_threshold=0 0 536936960 335819299 67141634 537919680 512 285474835 67239936 68
is_linear=0
shrinkage=0.1


Tree=4
num_leaves=31
num_cat=1
split_feature=13 15 6 6 11 13 6 0 17 10 13 17 14 17 4 16 10 11 19 6 3 21 21 0 11 10 21 19 17 17
split_gain=313.923 48.0992 35.4765 21.1046 20.8534 17.882 19.4203 14.5862 18.3599 14.6363 13.4162 13.1619 11.3002 13.4866 10.4507 10.8122 10.6398 10.1903 10.0757 9.50078 18.1573 19.3484 9.9372 9.34209 9.91477 9.14738 21.1259 17.6052 9.05007 8.88687
threshold=1405.2500000000002 0 7.5000000000000009 2.5000000000000004 18.204999923706058 1489.330017089844 7.5000000000000009 38.500000000000007 100.10509109497072 22.500000000000004 1094.830017089844 61.706617355346687 39.491159439086921 158.77909088134768 1622.463317871094 95.223724365234389 7.5000000000000009 18.105000495910648 0.077639307826757445 5.5000000000000009 94115.207031250015 0.039781726896762855 0.065840989351272597 40.500000000000007 9.3350000381469744 10.500000000000002 0.062784526497125639 0.049475209787487991 105.24037933349611 285.75967407226568
decision_type=8 9 10 8 10 8 8 10 10 8 10 8 2 10 10 10 8 8 10 10 10 10 8 10 10 10 10 10 8 10
left_child=1 19 3 -3 5 6 -2 8 -5 25 17 18 13 -6 -12 16 -16 23 -7 29 21 28 -23 24 -9 26 -10 -27 -21 -1
right_child=4 2 -4 7 12 11 -8 10 9 -11 14 -13 -14 -15 15 -17 -18 -19 -20 20 -22 22 -24 -25 -26 27 -28 -29 -30 -31
leaf_value=0.054540086810680767 0.028097961234056931 -0.12426347976428354 0.13755892999623787 -0.063019384256562436 0.089889417401334645 0.02343505508463677 0.17012889641480214 -0.0049531720607117365 0.058666157863909767 0.15606551557540049 0.13938343387188198 0.14709180929680479 0.18737219721554776 0.0044155775243130795 0.094333789592702902 0.099134257481301571 -0.076945008410331056 0.10823051801812594 0.11670583334735095 0.056893632729267708 0.22247959067212136 0.19843617905096303 0.029029089867251619 -0.028075958240259241 0.1773363123926584 -0.059828061556653406 -0.096005615574723396 0.11245349919337239 -0.1020599270526853 -0.084970909004684292
leaf_weight=59.963262721896172 33.323569357395172 17.771244779229164 15.119946628808973 91.937266677618027 109.62270757555962 14.368317067623137 13.605797857046126 7.6070784330368024 36.294038087129593 5.4398947954177848 11.761711433529852 267.34603090584278 9.7930801659822446 22.506001904606819 5.1006602793932023 12.066428288817404 11.726612687110899 6.9635222405195227 67.86604118347168 7.4073495566844949 10.065216615796087 10.48760029673576 5.4245625436306009 84.312280252575874 4.6987072676420212 48.258680686354637 11.532249689102171 6.6334167122840872 6.7020930498838434 4.8003519624471656
leaf_count=208 117 110 33 435 285 43 26 32 134 13 30 534 19 72 16 38 54 23 153 26 23 23 18 369 14 224 55 20 31 22
internal_value=0.0640794 0.00543852 -0.0116258 -0.01824 0.116553 0.128391 0.0697625 -0.0127045 -0.0301866 -0.00215306 0.0114827 0.136211 0.0833423 0.0754203 0.0601156 0.0271338 -0.0241859 -0.00754865 0.100579 0.0620725 0.106398 0.0665381 0.141851 -0.0160998 0.0647126 -0.0107731 0.0210393 -0.0386603 -0.0180937 0.0439301
internal_weight=1020.51 482.074 377.224 362.104 538.432 396.51 46.9294 344.333 200.096 108.158 144.237 349.58 141.922 132.129 40.6554 28.8937 16.8273 103.582 82.2344 104.85 40.0868 30.0216 15.9122 96.6181 12.3058 102.718 47.8263 54.8921 14.1094 64.7636
internal_count=3200 1951 1600 1567 1249 873 143 1457 881 446 576 730 376 357 138 108 70 438 196 351 121 98 41 415 46 433 189 244 57 230
cat_boundaries=0 10
cat_threshold=0 0 536936960 337908267 8945666 537919680 0 268435475 393216 102
is_linear=0
shrinkage=0.1


Tree=5
num_leaves=31
num_cat=2
split_feature=13 15 7 11 11 17 11 11 13 16 7 12 20 7 21 20 16 0 17 0 2 19 21 12 11 12 5 9 13 21
split_gain=270.932 64.2386 61.6837 21.8975 21.078 16.829 18.5101 16.8371 16.9121 15.786 14.5315 14.5177 14.3663 14.4076 13.1066 12.504 13.2401 12.2275 12.784 10.3937 10.3924 17.8276 15.3078 10.7638 11.9876 11.009 10.6354 10.152 9.98828 9.72717
threshold=1237.695007324219 0 14.500000000000002 14.364999771118166 17.804999351501468 56.83015441894532 5.6549999713897714 6.1449999809265146 15.695000171661379 215.23200988769534 17.500000000000004 5.5000000000000009 0.049942374229431159 27.500000000000004 0.094243727624416365 0.024867595173418525 140.19131469726565 17.500000000000004 66.366107940673842 49.500000000000007 1 0.028635811991989616 0.084877740591764464 4.5000000000000009 10.954999923706056 6.5000000000000009 4.5000000000000009 29.500000000000004 556.22500610351574 0.017252633348107341
decision_type=8 9 8 10 10 10 10 10 10 8 10 2 8 8 8 8 10 10 10 10 1 10 10 2 10 2 8 2 10 10
left_child=1 3 9 15 11 19 -7 -8 -9 17 20 -4 -6 -14 -15 29 -17 -2 -19 -3 21 27 -23 24 -22 -25 -27 -10 -21 -1
right_child=2 5 4 -5 12 6 7 8 10 -11 -12 -13 13 14 -16 16 -18 18 -20 28 23 22 -24 25 -26 26 -28 -29 -30 -31
leaf_value=0.051529790848888861 -0.10307317971867887 -0.079012846705219422 0.0052642763572223628 -0.098608731585265022 0.10854528956743013 -0.052923679744691067 0.12465820342339679 0.21004769425799227 -0.070966080638118476 -0.11417567705993284 -0.10237228833169143 0.12715058178394503 0.079567164053636397 -0.058214439375114037 0.10688037990152791 -0.02603487999145165 0.1424005358962514 -0.017348323453146321 0.073556421879354891 0.091090628723113631 -0.064935742506415692 0.12032034764073025 -0.088015899340735115 0.12911554395648372 0.069925680451196556 0.091101863532128319 -0.056199809142949933 0.088472215833154566 -0.086727514138637316 0.15583167002900869
leaf_weight=12.753462612628935 5.8797656744718543 73.08246074616909 10.213816016912459 5.9797580242156974 80.8196951597929 77.045044392347336 11.149571239948271 3.5591928809881201 45.441812127828598 7.809810757637023 14.461100414395331 381.59095771610737 45.664061143994331 18.310783997178081 6.3899598270654669 13.171804323792459 7.052046835422515 22.160959765315056 49.709958866238594 7.6084090173244459 16.987575039267544 12.268998771905901 4.795353263616561 16.748997256159782 10.594847664237021 9.7692152261733991 9.5787590593099612 4.2389671504497519 5.2224078476428986 33.867929697036743
leaf_count=47 26 369 35 28 194 360 35 11 217 36 71 794 117 64 16 56 23 93 160 28 79 39 22 56 38 36 45 14 26 96
internal_value=0.0584694 -0.0063646 0.0992625 0.0727045 0.1117 -0.0257208 -0.0126903 0.00669095 -0.00218011 0.0201749 -0.00760385 0.124001 0.0796952 0.0463095 -0.0148433 0.0991637 0.0326181 0.0339278 0.0454024 -0.0644295 0.00289757 -0.0231722 0.0610203 0.0293968 -0.0127066 0.0699127 0.0177478 -0.0570109 0.0178306 0.127685
internal_weight=1023.93 395.378 628.55 72.825 542.989 322.553 236.639 159.594 148.445 85.5605 144.886 391.805 151.185 70.3648 24.7007 66.8452 20.2239 77.7507 71.8709 85.9133 130.425 66.7451 17.0644 63.6794 27.5824 36.097 19.348 49.6808 12.8308 46.6214
internal_count=3231 1696 1535 250 1220 1446 1023 663 628 315 617 829 391 197 80 222 79 279 253 423 546 292 61 254 117 137 81 231 54 143
cat_boundaries=0 10 11
cat_threshold=0 0 537133056 1610883106 268468224 268435680 4243968 4194321 67403776 2 56
is_linear=0
shrinkage=0.1


Tree=6
num_leaves=31
num_cat=1
split_feature=13 7 6 20 17 12 20 16 11 14 7 13 19 0 21 16 8 7 17 3 21 14 7 19 0 3 2 3 14 18
split_gain=218.768 51.7031 21.203 19.9397 16.7754 16.5598 15.8372 16.8988 14.8279 14.8157 19.2362 15.5087 14.0405 12.4762 11.401 11.373 10.4861 10.0048 13.7067 15.6897 17.778 12.3239 11.099 11.0767 9.79356 14.3712 12.3677 12.186 9.40404 16.1253
threshold=1204.1450195312502 14.500000000000002 2.5000000000000004 0.078380472958087935 47.116506576538093 5.5000000000000009 0.051383135840296752 178.18452453613284 17.804999351501468 35.51026916503907 17.500000000000004 47.345001220703132 0.1395254731178284 17.500000000000004 0.029044493101537231 240.38265228271487 3.5000000000000004 12.500000000000002 253.92156982421878 31375.720703125004 0.030751454643905166 34.514572143554695 8.5000000000000018 0.011653770226985218 52.500000000000007 110503.48437500001 0 124069.06250000001 26.999779701232914 302.22669982910162
decision_type=8 8 8 10 8 2 8 10 10 2 10 10 10 10 10 8 10 8 8 10 8 2 10 8 8 10 1 8 2 10
left_child=2 17 -1 5 -4 16 9 -8 -7 13 11 -11 -5 -6 -15 -9 -3 18 19 22 21 -21 -2 -20 25 26 -13 -27 29 -10
right_child=1 3 4 12 6 8 7 15 28 10 -12 24 -14 14 -16 -17 -18 -19 23 20 -22 -23 -24 -25 -26 27 -28 -29 -30 -31
leaf_value=-0.12160434726200148 -0.054906386231622965 -0.08192260887191416 -0.081976562627013 -0.056233309465711145 -0.13438644332944452 0.11790578997103816 -0.086160867286842732 0.13001992078528765 -0.055114293279388077 0.21674548154654005 -0.13046112985855049 0.042956705480053606 0.088404807881565128 -0.029359452663149994 0.021118696137368199 -0.052260057819923184 0.089673590622137478 -0.075241077527196262 0.068948563099475182 -0.059964038592217855 0.17454009159620626 0.10220208841492945 0.071707571055486155 -0.079757404077899996 0.12840991008500199 0.20410804097874347 -0.037201552325677366 0.021783300496921343 0.091017637419260652 0.10861541342738844
leaf_weight=15.573319628834723 16.028807416558269 7.5942002981901151 24.809228718280792 13.44117531180382 6.9652493000030509 366.5498823672533 35.170873627066612 7.2153723686933491 12.674749791622164 5.5355692058801642 5.8017974048852912 31.696061626076702 13.154153898358343 74.275348156690598 112.16091807186604 6.2591230571269998 6.5246872454881668 9.6767114698886854 7.0777913182973888 8.1028029173612612 16.652371659874916 10.720635309815405 12.029027491807936 16.200758159160614 11.956194609403608 7.7398412227630589 25.988849312067028 7.1896437853574762 116.58454902470112 11.216790631413458
leaf_count=104 66 33 128 45 36 757 176 22 43 15 31 121 30 337 443 30 17 40 26 33 41 34 38 75 38 19 119 26 282 26
internal_value=0.0526194 0.088062 -0.00771295 0.0999554 -0.00276391 0.104268 0.00304403 -0.0496489 0.107243 0.0119526 0.0440744 0.0555555 0.0149939 -0.00393945 0.000949867 0.04485 -0.00184751 0.0204095 0.0312607 0.0553504 0.099449 0.0319191 -0.000207098 -0.0340144 0.0446432 0.0305555 0.00766394 0.1177 0.0792842 0.0214703
internal_weight=1022.57 644.229 378.337 547.74 362.764 521.145 337.955 48.6454 507.026 289.309 95.908 90.1062 26.5953 193.402 186.436 13.4745 14.1189 96.4889 86.8122 63.5336 35.4758 18.8234 28.0578 23.2785 84.5706 72.6144 57.6849 14.9295 140.476 23.8915
internal_count=3231 1586 1645 1233 1541 1158 1413 228 1108 1185 369 338 75 816 780 52 50 353 313 212 108 67 104 101 323 285 240 45 351 69
cat_boundaries=0 1
cat_threshold=13
is_linear=0
shrinkage=0.1


Tree=7
num_leaves=31
num_cat=1
split_feature=7 19 15 6 12 17 10 16 17 4 16 3 11 10 9 16 21 16 16 19 10 9 19 11 0 16 9 12 14 8
split_gain=143.964 65.927 54.8759 22.0599 17.3669 17.0048 19.4297 14.9878 17.4263 14.1773 14.926 13.8257 14.8084 13.4457 13.647 12.6388 14.9666 12.2983 12.0558 14.2353 11.708 11.6913 11.545 11.429 12.5963 18.4567 11.2989 10.9747 10.917 14.9789
threshold=14.500000000000002 0.017336646094918255 0 6.5000000000000009 8.5000000000000018 66.366107940673842 17.500000000000004 64.385791778564467 156.48966979980472 2506.013305664063 184.56871032714847 27087.799804687504 9.5450000762939471 10.500000000000002 16.500000000000004 16.810082435607914 0.035754539072513587 89.427349090576186 28.825346946716312 0.0085227359086275118 13.500000000000002 25.500000000000004 0.052456181496381767 24.185000419616703 20.500000000000004 70.886554718017592 5.5000000000000009 4.5000000000000009 35.73321723937989 3.5000000000000004
decision_type=8 8 9 10 2 8 10 10 8 10 8 10 10 8 2 10 10 10 8 8 10 2 10 10 8 8 2 2 2 10
left_child=2 18 22 5 15 -4 7 -7 13 -5 -11 -8 -13 14 26 16 -3 -10 19 -2 -15 -19 28 -6 -25 -26 -9 -28 29 -1
right_child=1 4 3 9 23 6 11 8 17 10 -12 12 -14 20 -16 -17 -18 21 -20 -21 -22 -23 -24 24 25 -27 27 -29 -30 -31
leaf_value=-0.0031868123223097507 0.15592354882263804 -0.11572556412173879 -0.096386052157651766 -0.041213918401050736 0.10480126519359141 -0.060486805168549963 0.14536630848560289 0.15841757222402506 0.042234605038535974 0.092512321898548147 -0.055714148570182226 -0.10069891279670951 0.076186591770941545 -0.13271683950201146 0.2016033025729323 0.071465652204138641 0.049467756579818188 -0.092324488259837703 -0.050254164981499941 -0.073380893311262907 0.048842047797508531 0.038493700448427322 0.18940100880750557 0.14055391566571715 -0.08704213866434532 0.070364956613699584 -0.12889352981022775 0.086235201020897712 0.11886528067413871 0.12950849413549889
leaf_weight=29.587987303733826 6.7614879459142658 8.1982906162738818 35.335037231445312 17.476636379957199 357.3948350250721 98.482676804065704 10.453247144818308 4.9399492889642742 13.688960164785383 36.008736804127693 8.2074149996042234 7.9736360460519817 11.327973037958143 5.9225478917360297 8.0142940878868085 142.44646711647511 16.035163089632988 33.950002402067184 44.184249803423882 4.3260742872953424 8.4770520478486997 8.365497872233389 8.7351447045803052 11.618486881256102 10.834210157394407 23.129644215106964 4.9103612601757032 4.3658381998538971 24.912604182958603 11.759646058082579
leaf_count=116 22 35 191 76 762 470 33 15 55 113 35 41 41 32 17 368 53 172 203 22 29 34 21 24 38 59 27 16 74 37
internal_value=0.0475406 0.0773571 8.20545e-05 -0.0184622 0.0874773 -0.0319884 -0.0216018 -0.0333398 -0.00433698 0.0345228 0.0647092 0.0533159 0.00245608 0.0490939 0.0977855 0.0601093 -0.00625287 -0.0394872 -0.0267354 0.065705 -0.0255437 -0.066197 0.0716588 0.0987548 0.0510021 0.0197516 0.0375608 -0.0267369 0.0665224 0.0345331
internal_weight=1017.82 624.929 392.895 317.9 569.657 256.207 220.872 191.117 92.6345 61.6928 44.2162 29.7549 19.3016 36.63 22.2304 166.68 24.2335 56.0045 55.2718 11.0876 14.3996 42.3155 74.9954 402.977 45.5823 33.9639 14.2161 9.2762 66.2602 41.3476
internal_count=3231 1586 1645 1397 1339 1173 982 867 397 224 148 115 82 136 75 456 88 261 247 44 61 206 248 883 121 97 58 43 227 153
cat_boundaries=0 10
cat_threshold=0 0 807404288 1327139 335577088 1048992 0 272891905 98304 262144
is_linear=0
shrinkage=0.1


Tree=8
num_leaves=31
num_cat=0
split_feature=7 9 10 19 6 7 12 17 6 3 11 19 18 20 7 19 12 16 18 18 14 20 3 17 12 10 5 3 19 14
split_gain=118.475 32.9995 32.6198 25.4524 23.1773 18.3247 18.134 26.316 21.0597 17.5396 16.6493 14.8613 16.1289 13.3074 12.6207 11.7155 21.2986 12.7294 12.2388 11.2367 10.1966 10.2922 9.86519 9.74812 19.1064 12.4606 9.70522 9.58122 9.45048 9.32593
threshold=19.500000000000004 15.500000000000002 7.5000000000000009 0.025232443585991863 2.5000000000000004 4.5000000000000009 4.5000000000000009 104.42818069458009 6.5000000000000009 17271.562500000004 16.630000114440922 0.026641371659934524 445.69792175292974 0.078380472958087935 11.500000000000002 0.0099659338593482989 10.500000000000002 184.56871032714847 427.64414978027349 348.05622863769537 29.52996921539307 0.033198554068803794 61666.734375000007 76.734161376953139 2.5000000000000004 14.500000000000002 5.5000000000000009 36822.763671875007 0.21864745020866397 29.70559120178223
decision_type=10 2 8 8 8 8 2 10 10 10 10 10 8 8 8 10 2 8 10 10 2 10 10 10 2 8 8 10 8 2
left_child=1 4 -3 5 -1 -4 8 22 -6 29 -2 12 -10 -12 19 17 18 23 -17 -11 21 -9 -8 25 -25 -7 -20 -21 -15 -5
right_child=10 2 3 9 6 15 7 20 11 14 13 -13 -14 28 -16 16 -18 -19 26 27 -22 -23 -24 24 -26 -27 -28 -29 -30 -31
leaf_value=-0.12061124084119262 0.1008383844492332 0.14465569882800533 0.12247799187129049 -0.047146112967313948 -0.046229071091068552 0.17915641531144488 -0.00046802649709588135 -0.060973690343737168 -0.1370318723120221 -0.061250502962113908 0.068744247815649126 0.14201596334061414 0.057968776250234694 -0.11336426995977043 0.089256320407423068 -0.13755758732492318 0.099573232205095535 -0.084788244020503362 0.021353709510986175 0.0034178208595271099 0.080717359523662185 0.10355268096943859 -0.091186743427978112 0.14592385561286741 -0.067449746285999965 0.00045623862441948051 -0.11260287998718799 0.16571813196807383 0.03975510220370982 0.035031428064306883
leaf_weight=17.122376628220081 259.14489389955997 26.342975296080112 9.3420518934726697 20.838409706950188 112.33798885345459 8.6992673426866496 45.468694359064102 11.394702255725862 6.1454059034586015 11.750033751130106 117.05432270467281 10.673711240291594 13.098283961415289 7.1141918301582363 97.246375247836113 21.190684705972672 7.339850202202796 10.218498080968855 13.647052198648451 9.3633648753166181 62.802883505821228 5.5714312046766272 16.289502263069153 5.8186640888452557 14.29793146252632 7.2145919948816308 8.7376497983932513 5.9912494271993628 8.9298062324523908 40.292429283261299
leaf_count=123 553 66 31 73 531 28 182 49 31 50 285 27 44 26 233 113 22 53 55 34 206 16 83 16 67 32 43 14 24 121
internal_value=0.0430128 0.0157495 0.0381938 0.0285084 -0.00796621 -0.0103709 -0.00109431 0.024204 -0.0263327 0.0508809 0.0860131 0.0479491 -0.00417352 0.057019 0.072436 -0.0233595 -0.0564435 0.0128899 -0.0831198 0.011614 0.0621489 -0.00606948 -0.0246666 0.0410269 -0.00482092 0.0992754 -0.0307584 0.0680557 -0.0278029 0.00682401
internal_weight=1011.48 619.236 318.331 291.988 300.905 106.506 283.783 141.527 142.255 185.482 392.243 29.9174 19.2437 133.098 124.351 97.1642 50.9152 46.249 43.5754 27.1046 79.769 16.9661 61.7582 36.0305 20.1166 15.9139 22.3847 15.3546 16.044 61.1308
internal_count=3231 2343 1051 985 1292 460 1169 536 633 525 888 102 75 335 331 429 233 196 211 98 271 65 265 143 83 60 98 48 50 194
is_linear=0
shrinkage=0.1


Tree=9
num_leaves=31
num_cat=2
split_feature=13 15 15 7 13 6 10 12 18 16 14 14 17 9 12 13 13 9 20 21 20 21 17 20 10 9 3 3 23 16
split_gain=128.39 47.5753 39.8613 22.6463 17.4358 15.3276 15.0897 13.0143 12.385 11.8937 13.4806 17.905 11.2051 17.2986 11.0268 14.8076 10.58 12.6693 10.414 10.1035 9.49464 9.29315 8.88699 12.9687 8.79111 14.8704 14.671 11.8228 8.71361 8.55018
threshold=1204.1450195312502 0 1 15.500000000000002 2401.3950195312505 6.5000000000000009 5.5000000000000009 1.5000000000000002 244.74330139160159 200.317985534668 38.025215148925788 33.929729461669929 84.117366790771499 19.500000000000004 7.5000000000000009 1794.684997558594 571.96499633789074 26.500000000000004 0.078380472958087935 0.023400039412081245 0.027908991090953354 0.019037804566323761 61.706617355346687 0.028494159691035751 16.500000000000004 22.500000000000004 62039.625000000007 34095.144531250007 4.5000000000000009 27.751152992248539
decision_type=8 9 9 8 8 10 10 2 10 8 2 2 10 2 2 10 10 2 8 10 8 8 8 8 10 2 8 10 2 10
left_child=1 6 -2 8 14 12 19 -7 -4 10 11 28 13 -3 15 -5 17 -15 21 -1 -8 -6 23 -10 29 26 27 -26 -9 -14
right_child=2 5 3 4 18 7 20 9 22 -11 -12 -13 24 16 -16 -17 -18 -19 -20 -21 -22 -23 -24 -25 25 -27 -28 -29 -30 -31
leaf_value=0.057345903097625141 0.11620400875749666 -0.097440392832855827 -0.084250034185710421 -0.012515025438245645 -0.029030572239772224 0.11010605231143873 0.065635790912543124 0.034922763454854781 0.022895528903385098 -0.13452228452907294 -0.10726171930107264 0.12707819879859811 -0.075397074875768758 0.1111614762219359 0.094079516535017935 0.10436263113136311 -0.066030016367594965 -0.079395283095920421 -0.019327232259397083 0.20974097428209615 -0.031318730834911122 0.057027489212235563 0.036481777616933331 -0.15522979605575737 0.035321868826572331 -0.098917278206565151 -0.060993620972138098 0.19974769143959642 -0.098758182415730089 -0.016002883162154823
leaf_weight=7.8147250115871456 131.3778403699398 58.347185425460339 11.91866898536682 25.22478149831295 13.570113077759741 12.358996942639349 40.384184241294861 11.740885242819786 11.050211019814016 6.0476493984460822 7.3278817534446707 14.110668048262594 34.24582102149725 11.033665806055071 164.76696372032166 18.716586321592331 14.50852297246456 4.9367807060480109 25.570395648479462 10.701869070529936 13.234127372503279 139.11569263041019 84.251588895916939 6.3009233027696601 9.963381573557859 7.2548072040081015 6.7893530130386344 8.0340050905942899 8.1321759670972824 84.839674934744835
leaf_count=26 263 347 50 83 40 38 136 39 41 32 34 39 178 40 352 38 72 25 76 23 57 333 281 29 39 37 33 23 44 383
internal_value=0.0389785 -0.00762235 0.0664124 0.0499817 0.0625052 -0.0252246 0.0604254 0.0191325 0.0115858 -0.00457941 0.0144805 0.0412627 -0.0373599 -0.0655823 0.0821682 0.0371652 -0.0041487 0.0515069 0.0393938 0.146615 0.0415055 0.0492995 0.0229981 -0.0417351 -0.0206734 0.0255894 0.062684 0.109972 -0.0195002 -0.0332159
internal_weight=1003.67 371.806 631.864 500.486 386.965 299.671 72.1349 59.7183 113.521 47.3593 41.3116 33.9837 239.953 88.8262 208.708 43.9414 30.479 15.9704 178.256 18.5166 53.6183 152.686 101.603 17.3511 151.127 32.0415 24.7867 17.9974 19.8731 119.085
internal_count=3231 1645 1586 1323 922 1403 242 226 401 188 156 122 1177 484 473 121 137 65 449 49 193 373 351 70 693 132 95 62 83 561
cat_boundaries=0 10 22
cat_threshold=0 0 537133056 1879318562 805339136 268435680 4211200 17 67403776 2 1090666496 85004544 260 67371008 8192 0 0 0 0 0 142608396 4587812
is_linear=0
shrinkage=0.1


end of trees

feature_importances:
Amount_invested_monthly=30
Outstanding_Debt=29
Interest_Rate=26
Num_of_Delayed_Payment=19
debt_to_income_ratio=19
Delay_from_due_date=18
Num_Credit_Card=17
Changed_Credit_Limit=16
Total_EMI_per_month=16
investment_rate=14
Annual_Income=12
Num_Credit_Inquiries=12
Age=11
Credit_Utilization_Ratio=11
monthly_debt_service_ratio=10
Monthly_Balance=9
Credit_History_Age=8
Monthly_Inhand_Salary=6
Num_Bank_Accounts=6
Num_of_Loan=6
financial_risk_score=3
occupation_category=2

parameters:
[boosting: gbdt]
[objective: binary]
[metric: auc]
[tree_learner: serial]
[device_type: cpu]
[data_sample_strategy: bagging]
[data: ]
[valid: ]
[num_iterations: 10]
[learning_rate: 0.1]
[num_leaves: 31]
[num_threads: -1]
[seed: 42]
[deterministic: 0]
[force_col_wise: 1]
[force_row_wise: 0]
[histogram_pool_size: -1]
[max_depth: -1]
[min_data_in_leaf: 20]
[min_sum_hessian_in_leaf: 0.001]
[bagging_fraction: 0.8]
[pos_bagging_fraction: 1]
[neg_bagging_fraction: 1]
[bagging_freq: 5]
[bagging_seed: 400]
[bagging_by_query: 0]
[feature_fraction: 0.8]
[feature_fraction_bynode: 1]
[feature_fraction_seed: 30056]
[extra_trees: 0]
[extra_seed: 12879]
[early_stopping_round: 0]
[early_stopping_min_delta: 0]
[first_metric_only: 0]
[max_delta_step: 0]
[lambda_l1: 0.1]
[lambda_l2: 0.1]
[linear_lambda: 0]
[min_gain_to_split: 0]
[drop_rate: 0.1]
[max_drop: 50]
[skip_drop: 0.5]
[xgboost_dart_mode: 0]
[uniform_drop: 0]
[drop_seed: 17869]
[top_rate: 0.2]
[other_rate: 0.1]
[min_data_per_group: 100]
[max_cat_threshold: 32]
[cat_l2: 10]
[cat_smooth: 10]
[max_cat_to_onehot: 4]
[top_k: 20]
[monotone_constraints: ]
[monotone_constraints_method: basic]
[monotone_penalty: 0]
[feature_contri: ]
[forcedsplits_filename: ]
[refit_decay_rate: 0.9]
[cegb_tradeoff: 1]
[cegb_penalty_split: 0]
[cegb_penalty_feature_lazy: ]
[cegb_penalty_feature_coupled: ]
[path_smooth: 0]
[interaction_constraints: ]
[verbosity: -1]
[saved_feature_importance_type: 0]
[use_quantized_grad: 0]
[num_grad_quant_bins: 4]
[quant_train_renew_leaf: 0]
[stochastic_rounding: 1]
[linear_tree: 0]
[max_bin: 255]
[max_bin_by_feature: ]
[min_data_in_bin: 3]
[bin_construct_sample_cnt: 200000]
[data_random_seed: 175]
[is_enable_sparse: 1]
[enable_bundle: 1]
[use_missing: 1]
[zero_as_missing: 0]
[feature_pre_filter: 1]
[pre_partition: 0]
[two_round: 0]
[header: 0]
[label_column: ]
[weight_column: ]
[group_column: ]
[ignore_column: ]
[categorical_feature: 1,2,15,22]
[forcedbins_filename: ]
[precise_float_parser: 0]
[parser_config_file: ]
[objective_seed: 16083]
[num_class: 1]
[is_unbalance: 1]
[scale_pos_weight: 1]
[sigmoid: 1]
[boost_from_average: 1]
[reg_sqrt: 0]
[alpha: 0.9]
[fair_c: 1]
[poisson_max_delta_step: 0.7]
[tweedie_variance_power: 1.5]
[lambdarank_truncation_level: 30]
[lambdarank_norm: 1]
[label_gain: ]
[lambdarank_position_bias_regularization: 0]
[eval_at: ]
[multi_error_top_k: 1]
[auc_mu_weights: ]
[num_machines: 1]
[local_listen_port: 12400]
[time_out: 120]
[machine_list_filename: ]
[machines: ]
[gpu_platform_id: -1]
[gpu_device_id: -1]
[gpu_use_dp: 0]
[num_gpu: 1]

end of parameters

pandas_categorical:[["Adult", "Middle", "Senior", "Unknown", "Young"], ["Education_Media", "Management", "Other", "Professional", "Skilled_Trade", "Technical"], ["0 Years and 10 Months", "0 Years and 11 Months", "0 Years and 8 Months", "0 Years and 9 Months", "1 Years and 0 Months", "1 Years and 10 Months", "1 Years and 11 Months", "1 Years and 2 Months", "1 Years and 3 Months", "1 Years and 4 Months", "1 Years and 5 Months", "1 Years and 6 Months", "1 Years and 8 Months", "1 Years and 9 Months", "10 Years and 0 Months", "10 Years and 1 Months", "10 Years and 10 Months", "10 Years and 11 Months", "10 Years and 2 Months", "10 Years and 3 Months", "10 Years and 4 Months", "10 Years and 5 Months", "10 Years and 6 Months", "10 Years and 8 Months", "10 Years and 9 Months", "11 Years and 0 Months", "11 Years and 1 Months", "11 Years and 10 Months", "11 Years and 11 Months", "11 Years and 2 Months", "11 Years and 3 Months", "11 Years and 4 Months", "11 Years and 5 Months", "11 Years and 6 Months", "11 Years and 7 Months", "11 Years and 8 Months", "11 Years and 9 Months", "12 Years and 0 Months", "12 Years and 10 Months", "12 Years and 11 Months", "12 Years and 2 Months", "12 Years and 3 Months", "12 Years and 4 Months", "12 Years and 5 Months", "12 Years and 6 Months", "12 Years and 7 Months", "12 Years and 8 Months", "12 Years and 9 Months", "13 Years and 0 Months", "13 Years and 1 Months", "13 Years and 10 Months", "13 Years and 11 Months", "13 Years and 2 Months", "13 Years and 3 Months", "13 Years and 4 Months", "13 Years and 5 Months", "13 Years and 6 Months", "13 Years and 7 Months", "13 Years and 8 Months", "13 Years and 9 Months", "14 Years and 0 Months", "14 Years and 1 Months", "14 Years and 10 Months", "14 Years and 11 Months", "14 Years and 2 Months", "14 Years and 3 Months", "14 Years and 4 Months", "14 Years and 5 Months", "14 Years and 6 Months", "14 Years and 8 Months", "14 Years and 9 Months", "15 Years and 0 Months", "15 Years and 10 Months", "15 Years and 11 Months", "15 Years and 2 Months", "15 Years and 3 Months", "15 Years and 4 Months", "15 Years and 5 Months", "15 Years and 6 Months", "15 Years and 7 Months", "15 Years and 8 Months", "15 Years and 9 Months", "16 Years and 0 Months", "16 Years and 1 Months", "16 Years and 10 Months", "16 Years and 11 Months", "16 Years and 2 Months", "16 Years and 3 Months", "16 Years and 4 Months", "16 Years and 5 Months", "16 Years and 6 Months", "16 Years and 7 Months", "16 Years and 8 Months", "16 Years and 9 Months", "17 Years and 0 Months", "17 Years and 1 Months", "17 Years and 10 Months", "17 Years and 11 Months", "17 Years and 2 Months", "17 Years and 3 Months", "17 Years and 4 Months", "17 Years and 5 Months", "17 Years and 6 Months", "17 Years and 7 Months", "17 Years and 8 Months", "17 Years and 9 Months", "18 Years and 0 Months", "18 Years and 1 Months", "18 Years and 10 Months", "18 Years and 11 Months", "18 Years and 2 Months", "18 Years and 3 Months", "18 Years and 4 Months", "18 Years and 5 Months", "18 Years and 6 Months", "18 Years and 7 Months", "18 Years and 8 Months", "18 Years and 9 Months", "19 Years and 0 Months", "19 Years and 1 Months", "19 Years and 10 Months", "19 Years and 11 Months", "19 Years and 2 Months", "19 Years and 3 Months", "19 Years and 4 Months", "19 Years and 5 Months", "19 Years and 6 Months", "19 Years and 7 Months", "19 Years and 8 Months", "19 Years and 9 Months", "2 Years and 0 Months", "2 Years and 10 Months", "2 Years and 11 Months", "2 Years and 2 Months", "2 Years and 3 Months", "2 Years and 4 Months", "2 Years and 5 Months", "2 Years and 6 Months", "2 Years and 7 Months", "2 Years and 8 Months", "2 Years and 9 Months", "20 Years and 0 Months", "20 Years and 1 Months", "20 Years and 10 Months", "20 Years and 11 Months", "20 Years and 2 Months", "20 Years and 3 Months", "20 Years and 4 Months", "20 Years and 5 Months", "20 Years and 6 Months", "20 Years and 7 Months", "20 Years and 8 Months", "20 Years and 9 Months", "21 Years and 0 Months", "21 Years and 10 Months", "21 Years and 11 Months", "21 Years and 2 Months", "21 Years and 3 Months", "21 Years and 4 Months", "21 Years and 5 Months", "21 Years and 6 Months", "21 Years and 7 Months", "21 Years and 8 Months", "21 Years and 9 Months", "22 Years and 0 Months", "22 Years and 10 Months", "22 Years and 11 Months", "22 Years and 2 Months", "22 Years and 3 Months", "22 Years and 4 Months", "22 Years and 5 Months", "22 Years and 6 Months", "22 Years and 7 Months", "22 Years and 8 Months", "22 Years and 9 Months", "23 Years and 0 Months", "23 Years and 1 Months", "23 Years and 10 Months", "23 Years and 11 Months", "23 Years and 2 Months", "23 Years and 3 Months", "23 Years and 4 Months", "23 Years and 5 Months", "23 Years and 6 Months", "23 Years and 8 Months", "23 Years and 9 Months", "24 Years and 0 Months", "24 Years and 10 Months", "24 Years and 11 Months", "24 Years and 2 Months", "24 Years and 3 Months", "24 Years and 4 Months", "24 Years and 5 Months", "24 Years and 6 Months", "24 Years and 8 Months", "24 Years and 9 Months", "25 Years and 0 Months", "25 Years and 1 Months", "25 Years and 10 Months", "25 Years and 11 Months", "25 Years and 2 Months", "25 Years and 3 Months", "25 Years and 4 Months", "25 Years and 5 Months", "25 Years and 6 Months", "25 Years and 7 Months", "25 Years and 8 Months", "25 Years and 9 Months", "26 Years and 0 Months", "26 Years and 1 Months", "26 Years and 10 Months", "26 Years and 11 Months", "26 Years and 2 Months", "26 Years and 3 Months", "26 Years and 4 Months", "26 Years and 5 Months", "26 Years and 6 Months", "26 Years and 7 Months", "26 Years and 8 Months", "26 Years and 9 Months", "27 Years and 0 Months", "27 Years and 1 Months", "27 Years and 10 Months", "27 Years and 11 Months", "27 Years and 2 Months", "27 Years and 3 Months", "27 Years and 4 Months", "27 Years and 5 Months", "27 Years and 6 Months", "27 Years and 7 Months", "27 Years and 8 Months", "27 Years and 9 Months", "28 Years and 0 Months", "28 Years and 1 Months", "28 Years and 10 Months", "28 Years and 11 Months", "28 Years and 2 Months", "28 Years and 3 Months", "28 Years and 4 Months", "28 Years and 5 Months", "28 Years and 6 Months", "28 Years and 7 Months", "28 Years and 8 Months", "28 Years and 9 Months", "29 Years and 0 Months", "29 Years and 1 Months", "29 Years and 10 Months", "29 Years and 11 Months", "29 Years and 2 Months", "29 Years and 3 Months", "29 Years and 4 Months", "29 Years and 5 Months", "29 Years and 6 Months", "29 Years and 7 Months", "29 Years and 8 Months", "29 Years and 9 Months", "3 Years and 0 Months", "3 Years and 10 Months", "3 Years and 11 Months", "3 Years and 2 Months", "3 Years and 3 Months", "3 Years and 4 Months", "3 Years and 5 Months", "3 Years and 6 Months", "3 Years and 8 Months", "3 Years and 9 Months", "30 Years and 0 Months", "30 Years and 1 Months", "30 Years and 10 Months", "30 Years and 11 Months", "30 Years and 2 Months", "30 Years and 3 Months", "30 Years and 4 Months", "30 Years and 5 Months", "30 Years and 6 Months", "30 Years and 7 Months", "30 Years and 8 Months", "30 Years and 9 Months", "31 Years and 0 Months", "31 Years and 1 Months", "31 Years and 10 Months", "31 Years and 11 Months", "31 Years and 2 Months", "31 Years and 3 Months", "31 Years and 4 Months", "31 Years and 5 Months", "31 Years and 6 Months", "31 Years and 7 Months", "31 Years and 8 Months", "31 Years and 9 Months", "32 Years and 0 Months", "32 Years and 1 Months", "32 Years and 10 Months", "32 Years and 11 Months", "32 Years and 2 Months", "32 Years and 3 Months", "32 Years and 4 Months", "32 Years and 5 Months", "32 Years and 6 Months", "32 Years and 7 Months", "32 Years and 8 Months", "32 Years and 9 Months", "33 Years and 0 Months", "33 Years and 1 Months", "33 Years and 2 Months", "33 Years and 3 Months", "33 Years and 4 Months", "33 Years and 5 Months", "33 Years and 6 Months", "33 Years and 8 Months", "4 Years and 10 Months", "4 Years and 11 Months", "4 Years and 2 Months", "4 Years and 3 Months", "4 Years and 4 Months", "4 Years and 5 Months", "4 Years and 6 Months", "4 Years and 7 Months", "4 Years and 8 Months", "4 Years and 9 Months", "5 Years and 0 Months", "5 Years and 10 Months", "5 Years and 11 Months", "5 Years and 2 Months", "5 Years and 3 Months", "5 Years and 4 Months", "5 Years and 5 Months", "5 Years and 6 Months", "5 Years and 8 Months", "5 Years and 9 Months", "6 Years and 0 Months", "6 Years and 10 Months", "6 Years and 11 Months", "6 Years and 2 Months", "6 Years and 3 Months", "6 Years and 4 Months", "6 Years and 5 Months", "6 Years and 6 Months", "6 Years and 7 Months", "6 Years and 8 Months", "6 Years and 9 Months", "7 Years and 0 Months", "7 Years and 1 Months", "7 Years and 10 Months", "7 Years and 11 Months", "7 Years and 2 Months", "7 Years and 3 Months", "7 Years and 4 Months", "7 Years and 5 Months", "7 Years and 6 Months", "7 Years and 8 Months", "7 Years and 9 Months", "8 Years and 0 Months", "8 Years and 1 Months", "8 Years and 10 Months", "8 Years and 11 Months", "8 Years and 2 Months", "8 Years and 3 Months", "8 Years and 4 Months", "8 Years and 5 Months", "8 Years and 6 Months", "8 Years and 7 Months", "8 Years and 8 Months", "8 Years and 9 Months", "9 Years and 0 Months", "9 Years and 1 Months", "9 Years and 10 Months", "9 Years and 11 Months", "9 Years and 2 Months", "9 Years and 3 Months", "9 Years and 4 Months", "9 Years and 5 Months", "9 Years and 6 Months", "9 Years and 7 Months", "9 Years and 8 Months", "9 Years and 9 Months"], ["Very_High"]]
