tree
version=v4
num_class=1
num_tree_per_iteration=1
label_index=0
max_feature_idx=23
objective=binary sigmoid:1
feature_names=Age age_group occupation_category Annual_Income Monthly_Inhand_Salary Num_Bank_Accounts Num_Credit_Card Interest_Rate Num_of_Loan Delay_from_due_date Num_of_Delayed_Payment Changed_Credit_Limit Num_Credit_Inquiries Outstanding_Debt Credit_Utilization_Ratio Credit_History_Age Total_EMI_per_month Amount_invested_monthly Monthly_Balance debt_to_income_ratio monthly_debt_service_ratio investment_rate credit_utilization_category financial_risk_score
feature_infos=[14:56] -1:1:0:4:2:3 -1:3:5:1:0:4:2 [7006.03515625:165774.5625] [333.5966796875:13627.169921875] [-1:10] [0:21] [1:99] [0:9] [-5:67] [0:28] [-6.4899997711181641:33.740001678466797] [0:2544] [0.54000002145767212:4579.43994140625] [20.10076904296875:47.178447723388672] -1:144:85:128:89:95:119:129:92:124:75:88:100:112:103:108:115:117:127:151:152:349:52:104:109:123:132:35:50:87:90:96:99:113:114:120:126:282:340:84:105:150:187:107:116:149:224:368:60:76:121:125:148:154:166:192:198:230:235:244:252:256:279:330:19:45:102:111:162:171:172:195:231:245:247:255:276:298:353:355:360:362:382:70:155:170:173:194:196:202:209:210:222:240:297:367:381:48:53:131:158:159:179:182:185:220:221:223:241:251:259:277:294:300:312:346:347:358:359:364:376:30:58:67:91:101:186:208:215:232:234:239:243:272:274:288:290:305:311:344:348:366:369:371:15:25:56:57:97:161:175:178:188:197:204:218:280:284:292:303:341:342:343:345:365:377:22:29:32:38:41:42:71:77:83:93:146:168:176:183:190:216:219:237:283:291:293:295:299:306:357:374:378:17:20:27:31:46:61:62:68:69:72:147:163:164:199:214:228:229:233:236:253:254:257:275:286:338:352:354:363:379:21:26:34:40:43:44:54:64:79:81:174:191:211:249:260:287:302:313:33:37:55:66:78:156:160:184:203:212:227:242:289:301:307:309:329:337:351:356:373:375:6:8:10:49:65:80:137:142:167:180:200:238:278:370:73:207:226:248:261:268:331:335:1:14:18:39:136:138:139:206:262:263:310:336:9:13:23:133:135:143:270:325:327:334:3:118:134:201:271:304:315:321:322:324:326:333 [0:391.62936401367188] [0:489.45126342773438] [3.9678335189819336:1422.5675048828125] [4.1678899833641481e-06:0.56294429302215576] [0:0.16976311802864075] [0:0.1471019983291626] none [2:8]
tree_sizes=3500 3360 3356 3516 3464 3509 3391 3522 3381 3522

Tree=0
num_leaves=31
num_cat=2
split_feature=13 7 15 11 9 15 20 5 7 13 10 17 13 18 8 17 19 11 14 14 7 14 17 13 21 14 21 10 12 19
split_gain=873.839 217.381 109.045 66.6442 51.3102 42.0308 34.5623 33.8649 42.3078 28.3709 28.3232 25.4358 24.5785 21.7247 21.0581 18.5897 21.7735 18.1413 18.1392 17.4653 16.0584 15.873 15.461 15.2222 15.1237 16.165 17.7108 13.6729 21.5115 18.6018
threshold=1301.809997558594 14.500000000000002 0 17.819999694824222 33.500000000000007 1 1.0000000180025095e-35 5.5000000000000009 21.500000000000004 1804.1350097656252 4.5000000000000009 141.50383758544925 1941.830017089844 496.69311523437506 3.5000000000000004 81.28265762329103 0.066916354000568404 4.8450000286102304 35.36803054809571 38.937278747558601 15.500000000000002 40.477458953857429 183.18282318115237 1253.7750244140627 0.070566218346357359 33.04143142700196 0.042473515495657928 10.500000000000002 4.5000000000000009 0.022004927508533004
decision_type=8 8 9 10 2 9 10 8 10 10 8 10 8 8 8 10 8 8 2 2 8 2 10 10 10 2 10 8 2 10
left_child=2 22 10 7 5 6 -4 8 9 -3 -1 13 -5 -8 18 19 27 -13 20 23 -12 -20 -2 -7 25 -14 -27 28 -17 -30
right_child=1 3 4 12 -6 15 11 -9 -10 -11 14 17 24 -15 -16 16 -18 -19 21 -21 -22 -23 -24 -25 -26 26 -28 -29 29 -31
leaf_value=-0.72532699871282857 -0.97776552473740952 -1.0776400742132339 -1.0447257552042011 -0.69685171933834655 -0.71317715293219597 -1.0716318856677298 -0.99932013836520872 -0.7066593040860023 -0.70136742709403577 -0.82336378915737884 -0.91966013145861703 -0.97699240921117758 -0.81571172507249923 -0.80431502525794796 -0.78714331116048297 -1.0209610131601647 -0.88009726760215479 -0.77151587200038696 -1.1160446682341747 -0.94689831747492736 -0.75644944514096535 -0.87567104305071952 -0.86726025688140529 -0.9138179911354517 -0.76502332179949706 -0.98462922729110236 -0.82336378915737884 -1.0332011496855207 -0.86922565554139963 -1.0469138159923499
leaf_weight=14.814993858337401 43.297994896769524 6.8733438253402737 18.109912782907486 16.337129756808281 6.4817651808261862 89.949873879551888 22.342064052820209 269.65519608557224 17.792085781693459 11.63800525665283 25.320798918604851 5.5527475476264954 39.477137580513954 7.5385707914829245 17.590546160936356 40.848484307527542 15.537543043494223 20.633175015449527 7.1371344923973066 15.403183296322821 8.0022581368684751 4.2976882010698318 17.918230816721916 6.4129423648118964 25.52726736664772 15.930764630436899 11.63800525665283 77.66307108104229 24.463889986276627 7.6008218377828589
leaf_count=38 180 33 83 39 16 427 96 664 43 37 96 23 124 23 52 181 55 59 36 61 22 15 62 24 72 67 37 350 85 35
internal_value=-0.862591 -0.768951 -0.964959 -0.742996 -0.989533 -0.994942 -0.931927 -0.718976 -0.811241 -0.918322 -0.864925 -0.886377 -0.810744 -0.950028 -0.879887 -1.01251 -0.992307 -0.814523 -0.916913 -1.04514 -0.87961 -1.0247 -0.945123 -1.06097 -0.831238 -0.856883 -0.916587 -1.00401 -0.973031 -0.911728
internal_weight=911.787 476.085 435.701 414.869 358.538 352.056 74.1765 305.959 36.3034 18.5113 77.1634 56.0666 108.91 29.8806 62.3484 277.88 166.114 26.1859 44.7579 111.766 33.3231 11.4348 61.2162 96.3628 92.5732 67.0459 27.5688 150.576 72.9132 32.0647
internal_count=3135 1358 1777 1116 1518 1502 284 777 113 70 259 201 339 119 221 1218 706 82 169 512 118 51 242 451 300 228 104 651 301 120
cat_boundaries=0 10 20
cat_threshold=0 0 1050624 3517022992 67108864 33624080 2684358672 128 2097152 68 0 0 2621440 1572873 143130640 1283458052 67239936 1207960896 2164260864 36864
is_linear=0
shrinkage=1


Tree=1
num_leaves=31
num_cat=0
split_feature=13 7 6 11 10 9 9 17 12 10 20 20 3 4 17 17 0 12 20 6 20 12 0 3 12 11 10 9 21 3
split_gain=607.179 142.548 47.5501 40.9036 39.4026 54.4917 43.0452 32.929 21.5142 19.8296 20.123 16.9811 16.5764 17.5163 20.2317 16.5787 16.9518 15.6405 15.3999 15.3623 14.7517 15.1983 14.2583 14.0363 19.6073 18.2506 13.3301 14.0264 13.2464 13.0776
threshold=1301.809997558594 14.500000000000002 2.5000000000000004 17.819999694824222 4.5000000000000009 17.500000000000004 31.500000000000004 70.826187133789077 5.5000000000000009 12.500000000000002 0.038975272327661521 0.035558719187974937 33132.271484375007 9042.3164062500018 226.14021301269534 178.72927093505862 40.500000000000007 1.5000000000000002 0.015965939499437812 6.5000000000000009 0.026347337290644649 4.5000000000000009 33.500000000000007 17654.209960937504 1.0000000180025095e-35 8.9449996948242205 12.500000000000002 17.500000000000004 0.035067230463027961 71507.816406250015
decision_type=8 8 8 8 8 2 2 10 2 8 10 8 10 10 10 10 8 2 10 10 10 2 10 8 2 8 8 2 10 8
left_child=2 19 -1 8 5 17 7 23 -3 11 -11 12 15 14 18 16 -9 -4 -14 20 21 28 -16 25 -25 -6 -27 -28 -2 -20
right_child=1 3 4 -5 6 -7 -8 9 -10 10 -12 -13 13 -15 22 -17 -18 -19 29 -21 -22 -23 -24 24 -26 26 27 -29 -30 -31
leaf_value=-0.12409178039856915 -0.13478040015609588 0.058906622856356776 -0.072120549512302415 0.14468463252842265 -0.082570026302738672 0.29975633906136162 0.2089723001761209 0.079577649210267054 0.21681188735706647 -0.022658288822950033 0.12608200472594858 -0.023882550724002624 -0.11777013378285116 0.13183952337624172 -0.039372637139246235 -0.0069978653087050292 0.22466564272366527 0.077038675204618393 0.10485638198880812 0.1361416526293073 -0.079072253839731835 0.095837563632247491 0.15376806015947753 0.073295758348665127 -0.074035240169343028 0.17383505624912232 0.10956382962219183 -0.1308197119530671 0.050197332108679708 -0.089110727074534546
leaf_weight=23.191683173179626 6.9905674755573264 9.13646052777767 8.2560031712055189 124.35283510386944 10.339251190423964 10.776353940367697 10.425596058368681 16.988802179694176 323.185656234622 88.016740098595619 10.034751355648039 23.282121330499649 14.406861439347269 14.587866291403769 5.4903781861066845 8.167625427246092 16.051252886652946 42.847314774990082 8.6827808469533885 11.541429191827772 13.813225805759428 21.513599216938019 11.722970500588415 10.011506855487822 81.368937849998474 8.4702712595462852 5.337003365159033 4.2831601500511169 8.3471939861774427 5.6175293773412713
leaf_count=117 35 32 38 358 50 22 25 61 726 380 34 99 71 46 24 34 43 152 30 37 64 75 36 37 385 26 19 22 31 26
internal_value=0.101566 0.17476 0.0148839 0.194106 0.0226993 0.0962609 0.00976277 0.00361693 0.21252 0.0263535 -0.00722113 0.0527548 0.070401 0.0367489 0.00610271 0.119364 0.15083 0.0526521 -0.0450248 0.0324926 0.00846262 0.0416697 0.0917146 -0.0386148 -0.0577221 0.0224377 0.0831266 0.00126491 -0.0337901 0.027877
internal_weight=957.238 518.881 438.357 456.675 415.165 61.8797 353.285 342.86 332.322 223.05 98.0515 124.998 101.716 60.5084 45.9205 41.2077 33.0401 51.1033 28.7072 62.206 50.6646 36.8514 17.2133 119.81 91.3804 28.4297 18.0904 9.62016 15.3378 14.3003
internal_count=3135 1358 1777 1116 1660 212 1448 1423 758 884 414 470 371 233 187 138 104 190 127 242 205 141 60 539 422 117 67 41 66 56
is_linear=0
shrinkage=0.1


Tree=2
num_leaves=31
num_cat=0
split_feature=13 7 6 6 13 10 21 18 7 10 0 20 0 3 12 4 3 8 0 7 21 13 20 20 21 16 3 5 12 17
split_gain=447.573 112.992 49.453 40.4664 33.5541 32.6508 32.6611 21.0162 18.9975 17.301 19.1294 16.6406 13.5442 12.8367 14.7659 12.8032 25.3856 20.6012 12.6456 12.4689 16.6127 18.418 14.632 12.5295 12.2645 13.8901 12.1607 13.284 16.2414 12.0844
threshold=1475.924987792969 20.500000000000004 2.5000000000000004 7.5000000000000009 2702.025024414063 4.5000000000000009 0.02414078172296286 855.30175781250011 14.500000000000002 13.500000000000002 44.500000000000007 0.085487823933362975 54.500000000000007 120971.08593750001 5.5000000000000009 3310.244995117188 66815.421875000015 4.5000000000000009 32.500000000000007 5.5000000000000009 0.031070724129676822 1315.4599609375002 0.027129782363772396 0.0071303721051663169 0.013743622228503229 153.09568786621097 11861.082519531252 4.5000000000000009 3.5000000000000004 158.9877624511719
decision_type=8 10 8 10 8 8 10 8 8 8 10 8 10 10 2 10 8 8 8 10 10 10 8 8 8 10 8 8 2 10
left_child=1 2 -1 5 8 -4 7 15 29 11 19 12 26 14 -9 -7 17 18 -17 -11 22 23 -21 -22 25 -18 -8 -28 -29 -2
right_child=4 -3 3 -5 -6 6 9 13 -10 10 -12 -13 -14 -15 -16 16 24 -19 -20 20 21 -23 -24 -25 -26 -27 27 28 -30 -31
leaf_value=-0.12187697091948052 0.02040840325278492 0.19710185725082993 0.080019069672118998 0.20493642030528633 0.12458606042959015 -0.097814140480824235 0.1755469539229029 -0.1026154065135863 0.18931478894530468 0.10959671624639596 -0.086743326194604078 -0.077724057165917085 0.18561612155703458 0.12731656867893026 0.096734985026701067 0.099168964368091556 -0.082617885653733625 0.21915168975707131 -0.054227089080622098 0.0135851119033394 0.055126621708990686 0.082353711889734213 0.21822287516679328 -0.081550313264218965 -0.085955242103872953 0.14054689212092111 0.071646977524046279 -0.083356301882419104 0.040781588482987019 0.20287808913058034
leaf_weight=24.924577832221985 11.695391312241556 36.505533650517464 71.14290925860405 11.739709556102751 153.4792554974556 36.288142994046211 7.4099015742540351 8.0846598744392413 273.01553954184055 12.784847572445868 21.369070321321487 9.2976239621639234 7.9916457980871192 11.789242923259733 6.6857038438320151 8.8772971481084877 5.3456533551216108 5.7111365646123877 13.25323076546192 8.81450359523296 8.1847217381000501 12.626666232943533 5.8323026299476632 33.981127634644508 47.858597502112389 5.5731329172849655 71.078787460923195 14.750380888581274 36.136477753520012 5.2798333317041388
leaf_count=132 47 74 238 25 404 182 20 39 573 44 102 44 21 37 23 31 26 13 62 37 31 40 15 162 232 17 250 69 132 13
internal_value=0.0882125 0.0273985 0.015136 0.0222567 0.162772 0.0176383 0.00649354 -0.0304493 0.182898 0.028601 -0.00259441 0.05069 0.0595046 0.0498972 -0.0116646 -0.0479196 -0.0268128 0.0515246 0.00702468 0.0192322 0.00231724 -0.0228543 0.0966764 -0.054716 -0.0641139 0.0306234 0.0515 0.0437441 0.00450917 0.0786037
internal_weight=987.508 544.038 507.532 482.607 443.47 470.868 399.725 149.467 289.991 250.258 103.593 146.665 137.367 26.5596 14.7704 122.907 86.619 27.8417 22.1305 82.2242 69.4393 54.7925 14.6468 42.1658 58.7774 10.9188 129.376 121.966 50.8869 16.9752
internal_count=3135 2098 2024 1892 1037 1867 1629 662 633 967 431 536 492 99 62 563 381 106 93 329 285 233 52 193 275 43 471 451 201 60
is_linear=0
shrinkage=0.1


Tree=3
num_leaves=31
num_cat=2
split_feature=13 12 15 7 13 15 7 17 7 16 11 19 0 14 12 13 9 8 6 10 19 10 11 17 9 12 6 13 14 13
split_gain=339.662 81.5437 77.2124 31.3182 29.282 28.366 24.4298 23.296 21.7717 21.7819 18.7265 19.6403 19.7533 15.1567 14.9574 15.0974 15.0117 15.5016 14.5909 17.8326 23.3299 14.8383 14.2369 14.0053 13.0572 14.5189 12.4866 12.3964 11.9064 11.2797
threshold=1279.5999755859377 4.5000000000000009 0 14.500000000000002 2702.025024414063 1 18.500000000000004 81.28265762329103 11.500000000000002 226.76658630371097 12.525000095367433 0.13858129829168322 33.500000000000007 39.001808166503913 3.5000000000000004 911.08502197265636 16.500000000000004 2.5000000000000004 2.5000000000000004 8.5000000000000018 0.0037754563381895427 18.500000000000004 21.434999465942386 173.840202331543 16.500000000000004 4.5000000000000009 5.5000000000000009 687.77999877929699 30.154129028320316 1159.4900512695315
decision_type=8 2 9 10 8 9 10 10 10 8 10 8 10 2 2 10 2 8 8 8 10 10 8 8 2 2 8 10 2 10
left_child=2 26 24 28 22 8 7 13 9 14 -6 12 -12 -7 16 -16 17 -4 -9 20 -20 29 -5 -8 -1 -26 -2 -10 -3 -21
right_child=1 3 5 4 10 6 23 18 27 -11 11 -13 -14 -15 15 -17 -18 -19 19 21 -22 -23 -24 -25 25 -27 -28 -29 -30 -31
leaf_value=0.072232043816775129 -0.07151950383405585 -0.010713697330267452 -0.0024732963249732023 0.1656347035301777 0.16384677236664524 -0.092630167593707458 0.11720451185736376 -0.12666789195717706 -0.13419426419417435 -0.09619138579587766 0.08405427150502956 0.10796771651417714 -0.10244230532724807 0.023116087739893407 0.086042904609596987 -0.093661558443602466 0.27245032901605709 0.1914479992056061 0.13400172625059897 -0.064647363800972246 -0.0067462037118192764 0.059737922489415743 0.053876712993543602 -0.040714846445797329 0.21373426823328356 0.070295962340800919 0.045810210441433748 0.024096270602946224 0.094051689082515447 0.041439313386426868
leaf_weight=47.542727738618851 19.609655201435089 15.572042167186735 7.6808322072029176 323.95123037695885 44.819027304649353 79.962651461362839 17.169799938797954 10.403691336512564 8.6999076306819934 6.3836953192949286 13.174304112792017 89.41642452776432 9.8192122429609281 12.979534685611723 20.867411911487583 5.8801876455545417 7.5492926687002173 8.5471516102552396 18.021552860736847 65.651888146996498 33.261336803436279 14.975328892469404 12.217604190111159 8.1445345282554609 18.195659756660465 12.125289127230642 16.623854666948318 11.055961042642592 34.336541056632996 11.634113788604735
leaf_count=160 89 59 31 650 92 415 55 60 45 30 37 232 39 51 71 27 16 21 53 303 131 60 35 36 42 40 59 42 110 44
internal_value=0.0776776 0.127527 0.00994093 0.137214 0.144868 -0.0110818 -0.026236 -0.0368232 0.0394 0.0759639 0.108908 0.0867879 0.00388053 -0.0763511 0.0980599 0.0459625 0.155809 0.0995981 -0.0128602 -0.00445968 0.0426846 -0.0307906 0.16162 0.0660424 0.0935742 0.157122 -0.0174357 -0.0454314 0.0612077 -0.0485157
internal_weight=1006.27 579.54 426.733 543.306 493.398 348.869 272.204 246.89 76.6644 56.9086 157.229 112.41 22.9935 92.9422 50.5249 26.7476 23.7773 16.228 153.948 143.544 51.2829 92.2613 336.169 25.3143 77.8637 30.3209 36.2335 19.7559 49.9086 77.286
internal_count=3135 1402 1733 1254 1085 1491 1208 1117 283 196 400 308 76 466 166 98 68 52 651 591 184 407 685 91 242 82 148 87 169 347
cat_boundaries=0 10 20
cat_threshold=0 0 1574912 2174845712 67633152 1073811472 2214592512 1073741952 2097152 68 0 0 2097152 1343750152 142606352 234882052 537006096 134219072 2172649472 36864
is_linear=0
shrinkage=0.1


Tree=4
num_leaves=31
num_cat=1
split_feature=13 15 6 5 6 17 10 13 6 5 19 3 10 19 0 20 19 20 16 16 17 3 11 11 10 20 13 6 11 17
split_gain=268.864 55.1763 38.4771 34.8675 24.5093 21.2579 24.3209 20.5284 16.1841 16.0411 15.1022 15.0446 14.4822 14.1426 14.2514 13.8823 13.8426 13.3337 13.1905 12.3126 12.2954 10.6553 10.5065 10.4605 10.2687 13.813 11.637 10.1873 15.7503 14.1776
threshold=1475.924987792969 0 7.5000000000000009 8.5000000000000018 2.5000000000000004 101.16070938110353 4.5000000000000009 2702.025024414063 5.5000000000000009 5.5000000000000009 0.042642319574952132 71507.816406250015 9.5000000000000018 0.1682621166110039 21.500000000000004 0.040288664400577552 0.0079752253368496912 0.016298525966703895 32.204929351806648 86.603149414062514 234.66726684570315 19252.142578125004 22.035000801086429 16.654999732971195 13.500000000000002 0.051111359149217613 1320.5650024414065 4.5000000000000009 7.2850000858306894 200.29100036621097
decision_type=8 9 10 10 8 10 8 8 10 8 10 10 8 8 10 8 10 10 8 8 8 10 8 10 8 8 10 10 8 10
left_child=1 8 3 4 -3 6 19 9 11 15 16 17 -13 14 -9 -2 -8 18 -1 -6 -10 -12 -11 -16 25 -7 27 28 -26 -30
right_child=7 2 -4 -5 5 24 10 13 20 22 21 12 -14 -15 23 -17 -18 -19 -20 -21 -22 -23 -24 -25 26 -27 -28 -29 29 -31
leaf_value=0.073874469055303107 0.11966603139446533 -0.11359494706828828 0.13717038980295401 0.16862674706420339 0.10849257816941404 0.047906342055656886 -0.012437332902068254 0.14297917700593618 0.15844976678970268 0.15374823182700448 -0.026024025301205261 0.049482732362417958 -0.13441085623376889 0.11199605469474883 0.086886428671478028 0.00026352598885132615 -0.087852643378623682 0.02546363011125782 0.23368485549178605 -0.031690417927776493 0.037250000944255304 0.087313579939377273 0.041407206990268064 -0.039777361400656706 -0.13007161173880505 -0.042788428148632929 0.066946760620510803 -0.072101029530170849 0.12488311128033547 -0.042526106898613976
leaf_weight=13.096196159720423 35.309297859668732 20.361631706357002 20.744008809328079 11.535065010190008 17.698108449578289 122.35350558161736 37.352899208664894 10.141212701797484 38.37773372232914 249.37379084527493 24.784040227532387 10.621033877134325 6.9970559030771247 123.40261755883694 9.9996507465839404 13.663128465414045 71.796148359775543 19.54617740213871 8.8969941884279233 9.4687618464231473 11.0862630456686 12.304629147052763 8.9577345252037031 18.246872708201408 5.8389367610216141 19.266511112451553 14.926818102598189 29.73466569185257 11.928247973322874 8.546450197696684
leaf_count=43 82 120 43 23 55 423 174 22 93 483 105 36 36 292 24 42 361 69 19 39 38 41 26 66 31 84 43 144 39 39
internal_value=0.0690596 0.021412 0.00446236 -0.00202571 -0.00693479 -0.00125456 -0.0272549 0.124609 0.0817683 0.139888 -0.0434377 0.0535658 -0.023333 0.0954586 0.0418838 0.0866254 -0.0621706 0.0863987 0.139741 0.0593293 0.131617 0.0114419 0.149909 0.00485888 0.0199086 0.0354758 -0.011019 -0.0320432 0.0129455 0.0546509
internal_weight=1016.36 547.262 438.64 417.896 406.361 386 173.405 469.094 108.621 307.304 146.238 59.1575 17.6181 161.79 38.3877 48.9724 109.149 41.5394 21.9932 27.1669 49.464 37.0887 258.332 28.2465 212.595 141.62 70.9751 56.0483 26.3136 20.4747
internal_count=3135 2098 1764 1721 1698 1578 775 1037 334 633 681 203 72 404 112 124 535 131 62 94 131 146 509 90 803 507 296 253 109 78
cat_boundaries=0 12
cat_threshold=0 0 9963520 2711716624 75563008 134320144 2147483648 1073742976 0 262148 0 2
is_linear=0
shrinkage=0.1


Tree=5
num_leaves=31
num_cat=2
split_feature=13 15 7 15 11 10 17 14 20 7 9 17 17 21 20 17 8 0 5 7 17 7 8 8 20 20 16 12 10 13
split_gain=244.58 87.8287 59.9496 39.0198 30.1354 24.2172 19.1251 17.4956 17.3538 25.6189 15.3555 14.533 14.2652 14.1343 14.0128 13.9683 15.3622 13.3409 13.1386 19.7568 12.3469 11.8422 13.4951 11.0276 11.225 10.9738 10.6253 10.6086 11.7767 12.933
threshold=1253.7750244140627 0 14.500000000000002 1 16.994999885559086 11.500000000000002 114.75617599487306 26.517450332641605 0.050130024552345283 24.500000000000004 15.500000000000002 332.28108215332037 296.92538452148443 0.068550147116184248 0.017680762335658077 250.69023132324222 2.5000000000000004 38.500000000000007 5.5000000000000009 21.500000000000004 89.410705566406264 6.5000000000000009 1.5000000000000002 1.0000000180025095e-35 0.033926548436284072 0.055039841681718833 193.96687316894534 4.5000000000000009 9.5000000000000018 1485.570007324219
decision_type=8 9 8 9 10 8 10 2 8 10 2 10 8 8 8 8 8 8 8 8 10 8 10 10 8 10 8 2 8 8
left_child=1 11 6 13 18 7 20 -5 -6 -10 -9 21 -8 -3 -12 -15 -17 -16 19 -4 27 22 -1 24 -20 -11 -23 -2 -29 -30
right_child=2 3 4 5 8 -7 12 10 9 25 14 -13 -14 15 17 16 -18 -19 23 -21 -22 26 -24 -25 -26 -27 -28 28 29 -31
leaf_value=0.05649026100696021 -0.073464753935328253 0.010543840178850381 -0.0035242483877456787 -0.10015527359987703 0.10603456516252219 -0.079167004311927913 0.096247835478669663 -0.025309985891144977 0.09356593856265466 -0.12825565845513467 0.10921164263772198 -0.063587393750687005 -0.063583491832626848 0.19461923239192991 -0.10559233976457666 -0.082657619994120635 0.15693234580837109 0.064617881507660888 0.11650589698773053 0.13854910133888007 -0.13944844274460763 0.084513728020378653 0.19351299876260397 0.1395210394201119 -0.054621113286845525 0.0064186954808907225 -0.039604285271471223 0.11374078356077565 -0.1349555111680385 0.072205168694878391
leaf_weight=11.599953815340994 12.502171397209166 26.727977126836777 17.970641732215881 21.767829492688179 87.393940582871437 108.95031553506851 34.595051616430283 93.128536820411682 38.807783618569374 7.9377890527248409 19.421983942389488 6.024036079645156 6.5045405924320212 11.556536525487902 8.3028805106878298 5.358694359660146 5.1123216897249231 10.049075633287428 10.263885051012041 21.037241131067276 7.5846395790576926 54.297741621732712 20.424172177910805 310.87656891345978 5.9156658649444571 23.952507019042969 7.7219017446041098 11.206045448780062 5.7664584964513752 6.0488309115171441
leaf_count=40 59 101 59 109 204 561 106 410 95 32 60 24 27 29 41 27 14 36 22 42 37 174 47 594 19 73 33 34 29 20
internal_value=0.0600836 0.000405823 0.100323 -0.026068 0.112908 -0.0415589 0.021827 -0.0173413 0.0761816 0.0390397 -0.00342782 0.0774345 0.0706168 0.0497529 0.0501812 0.119099 0.0337507 -0.0120024 0.128717 0.0729996 -0.0245139 0.0948571 0.144522 0.135307 0.0533719 -0.0270865 0.0688603 6.76384e-05 0.0405783 -0.0283446
internal_weight=1018.81 410.444 608.364 310.376 524.156 261.621 84.2077 152.67 158.092 70.6981 130.902 100.068 41.0996 48.7555 37.7739 22.0276 10.471 18.352 366.064 39.0079 43.1081 94.0438 32.0241 327.056 16.1796 31.8903 62.0196 35.5235 23.0213 11.8153
internal_count=3158 1706 1452 1388 1140 1217 312 656 404 200 547 318 133 171 137 70 41 77 736 101 179 294 87 635 41 105 207 142 83 49
cat_boundaries=0 10 20
cat_threshold=0 0 2099200 20022016 210239504 1073812480 2290221056 98496 2166358016 4164 0 0 269484032 2693267480 0 41943042 553652240 134217984 0 128
is_linear=0
shrinkage=0.1


Tree=6
num_leaves=31
num_cat=0
split_feature=13 7 11 6 5 17 20 14 21 6 17 8 20 21 14 20 18 8 20 7 6 21 16 13 0 17 6 3 3 7
split_gain=197.576 52.4914 25.1506 20.2252 20.848 15.3802 13.7839 13.6291 14.3136 16.5109 15.846 14.8974 15.81 15.5221 13.6555 13.4455 13.4104 13.2944 12.3237 16.8426 12.2946 12.6806 12.0314 11.5422 11.2528 10.8013 10.9578 10.788 14.7959 18.5861
threshold=1248.0850219726565 14.500000000000002 17.469999313354496 2.5000000000000004 5.5000000000000009 114.75617599487306 0.050501922145485885 27.715201377868656 0.071642696857452406 6.5000000000000009 217.49021148681643 1.5000000000000002 0.020710252225399021 0.026645259000360969 33.484966278076179 0.027944291010499004 260.74365234375006 1.0000000180025095e-35 0.050130024552345283 24.500000000000004 3.5000000000000004 0.039119662716984756 109.86098098754884 462.39999389648443 44.500000000000007 296.92538452148443 6.5000000000000009 81079.957031250015 29567.084960937504 16.500000000000004
decision_type=8 8 10 8 8 10 8 2 8 8 8 8 10 10 2 8 8 10 8 10 8 10 10 10 10 10 8 10 8 10
left_child=3 5 17 -1 7 -2 27 15 9 11 -10 -9 14 -14 -13 20 -12 -3 -4 -20 -5 -22 -16 -15 -19 26 -7 28 29 -6
right_child=1 2 18 4 6 25 -8 8 10 -11 16 12 13 23 22 -17 -18 24 19 -21 21 -23 -24 -25 -26 -27 -28 -29 -30 -31
leaf_value=-0.10775631887728854 -0.024645417469979697 0.036543095505431313 0.093020260710644731 0.11057716410475112 -0.038870597812941575 0.044902913377107001 -0.13015025927892424 -0.060839823840352074 0.12070519322448421 0.068960193234134576 -0.066995155684283797 0.12417090399553919 -0.11614333672473941 -0.062851489224865817 -0.065824006142711236 -0.11543886016031674 0.056265192998425598 0.12344895219331874 0.080184373176120066 -0.019813425660330338 -0.088695651347426921 0.035833891149777489 0.092627550803933478 0.076848009375612494 0.032201971208587928 -0.058736035727311758 0.16684059478058999 0.038674245263624257 -0.091702821535121437 0.11958618627864054
leaf_weight=16.657083004713058 43.26281350851059 20.73897796869278 79.749086380004883 8.1585013121366483 29.110858023166656 25.561912789940834 12.857526063919066 36.368636131286621 30.056257590651512 36.562221005558968 11.211572170257567 18.380552217364311 13.119184896349905 9.9957644790411013 10.807625174522402 12.840093538165091 39.415635362267494 344.87388809025288 36.787999957799911 30.703163921833038 16.154802575707436 16.236116275191307 8.4384211301803571 14.078781515359877 14.465412795543669 6.3535789996385565 10.542103841900824 23.382071912288666 30.443458721041679 9.8131296336650831
leaf_count=106 183 56 186 26 133 84 72 166 88 126 54 55 67 44 51 67 149 676 90 101 81 61 24 47 37 27 24 92 155 30
internal_value=0.0540912 0.0898694 0.101669 -0.000171518 0.00445475 0.0171297 -0.0333863 0.0186771 0.029328 0.0107331 0.0632004 -0.00836859 0.0170503 -0.0289658 0.0627583 -0.0266768 0.0286934 0.115307 0.0663438 0.0345833 0.00139874 -0.0260486 0.0032518 0.018411 0.119814 0.0598899 0.0811465 -0.0197388 -0.0395997 0.00102578
internal_weight=1017.13 613.039 527.319 404.088 387.431 85.7204 105.607 281.824 228.435 147.751 80.6835 111.189 74.8203 37.1937 37.6266 53.3895 50.6272 380.078 147.24 67.4912 40.5494 32.3909 19.246 24.0745 359.339 42.4576 36.104 92.7495 69.3674 38.924
internal_count=3158 1464 1146 1694 1588 318 482 1106 871 580 291 454 288 158 130 235 203 769 377 191 168 142 75 91 713 135 108 410 318 163
is_linear=0
shrinkage=0.1


Tree=7
num_leaves=31
num_cat=2
split_feature=7 15 9 15 18 11 7 6 21 21 10 16 14 9 6 19 7 10 17 8 19 12 9 0 12 19 12 8 19 7
split_gain=157.735 54.7317 40.5604 21.1661 17.2438 16.4303 19.5362 19.6747 16.2791 14.9482 14.6371 14.3096 14.0629 13.3442 13.6105 13.1411 16.6193 12.8912 12.5103 14.1019 16.1534 18.5796 11.0592 12.5263 12.2728 12.9408 13.4505 10.9838 10.8832 10.7588
threshold=16.500000000000004 0 28.500000000000004 1 618.21520996093761 16.025000572204593 21.500000000000004 7.5000000000000009 0.043072389438748367 0.012334651779383423 11.500000000000002 208.90303039550784 38.593105316162116 16.500000000000004 3.5000000000000004 0.091455969959497466 10.500000000000002 7.5000000000000009 103.6740074157715 2.5000000000000004 0.0079752253368496912 3.5000000000000004 20.500000000000004 39.500000000000007 8.5000000000000018 0.17180403321981433 7.5000000000000009 1.5000000000000002 0.045818151906132705 5.5000000000000009
decision_type=10 9 2 9 10 10 10 10 10 10 8 8 2 2 8 10 10 10 8 10 8 2 2 10 2 10 2 8 8 10
left_child=1 13 3 8 15 6 7 12 10 -7 27 18 -2 14 -1 29 -17 -15 -6 20 -20 -22 -11 24 25 26 -24 -3 -19 -5
right_child=5 2 -4 4 11 9 -8 -9 -10 22 -12 -13 -14 17 -16 16 -18 28 19 -21 21 -23 23 -25 -26 -27 -28 -29 -30 -31
leaf_value=-0.043478394026614096 0.026841183028159937 -0.05915764996622911 0.068545744916816795 -0.021346125474074495 -0.068739089988111082 -0.037064793370363405 0.12033311889442133 0.13102351749782234 0.086448010092341807 0.12462646416457968 -0.098142254389795971 -0.069985801131715167 0.13465991199012126 0.2120394372242855 0.069163006457857598 0.13732644514170364 -0.060124587018735604 0.045008308583303333 -0.065488995047783827 0.16932122879894215 0.18081760515767542 -0.029287492283982128 -0.1166085914199126 -0.015830064982963733 0.092282266025539128 0.13524077202943724 0.049339012658312476 0.071151094238202345 0.1617912056991265 -0.071936208841727425
leaf_weight=13.476127296686171 75.037867501378059 9.4179893434047717 58.814947724342346 63.07201461493969 8.4099127650260908 13.608453899621962 209.23767133057117 37.594103515148163 29.243598908185959 31.511293187737465 13.044891625642775 15.690946564078329 14.451572671532629 10.811508178710936 49.788447454571724 8.2209715098142642 8.576560437679289 23.351561546325684 10.909294739365579 9.5923191457986814 9.5744013786315936 7.279958724975585 9.1241674572229421 19.260719463229179 74.463733300566673 6.2876492142677298 10.200249806046486 19.808823600411415 12.414456129074095 130.63200148940086
leaf_count=61 247 42 160 276 43 47 396 69 88 70 65 74 37 19 159 24 32 79 52 23 25 32 36 60 172 12 27 63 27 641
internal_value=0.0488364 0.00978837 -0.00788134 -0.021243 -0.0333216 0.0887398 0.101466 0.0702537 0.0256092 0.0626071 -0.010304 0.0119107 0.0444952 0.068984 0.0449804 -0.0481565 0.03616 0.115985 0.0402985 0.065231 0.0284304 0.0898389 0.0716836 0.0575275 0.0717475 0.0115299 -0.0286965 0.0287611 0.0861608 -0.0555347
internal_weight=1012.91 512.131 402.289 343.474 271.958 500.777 336.321 127.084 71.5153 164.456 42.2717 61.4568 89.4894 109.842 63.2646 210.502 16.7975 46.5775 45.7659 37.356 27.7637 16.8544 150.848 119.337 100.076 25.6121 19.3244 29.2268 35.766 193.704
internal_count=3158 1985 1640 1480 1222 1173 749 353 258 424 170 249 284 345 220 973 56 125 175 132 109 57 377 307 247 75 63 105 106 917
cat_boundaries=0 10 19
cat_threshold=0 1048576 271581184 556860160 75563032 143135760 32 33920 2097152 266244 0 0 75497472 276856849 134742016 33587200 2156007441 2282750272 16777216
is_linear=0
shrinkage=0.1


Tree=8
num_leaves=31
num_cat=0
split_feature=7 6 19 11 9 7 8 18 6 6 10 9 19 17 14 14 20 7 17 16 17 16 9 18 14 16 16 17 18 6
split_gain=129.403 27.3976 20.9737 19.066 18.9552 24.8094 17.9148 16.2829 15.3801 14.814 12.9235 29.2398 14.815 13.3094 15.1306 14.0623 13.1596 12.9624 14.6965 12.4872 17.2029 12.415 10.989 10.5505 15.1043 10.2402 10.5449 9.82273 12.5266 9.24829
threshold=15.500000000000002 2.5000000000000004 0.019783558323979381 18.314999580383304 28.500000000000004 12.500000000000002 1.0000000180025095e-35 217.78153228759768 6.5000000000000009 7.5000000000000009 10.500000000000002 16.500000000000004 0.018984081223607067 86.247810363769545 36.388481140136726 34.598705291748054 0.054594602435827262 6.5000000000000009 112.82981109619142 46.420349121093757 177.18765258789065 60.881793975830085 28.500000000000004 354.81822204589849 28.65007305145264 224.66727447509768 183.77773284912112 239.27294921875003 313.76029968261724 3.5000000000000004
decision_type=10 8 8 8 2 10 10 10 8 8 10 2 10 8 2 2 10 10 8 10 10 10 2 10 2 8 10 8 10 10
left_child=1 -1 8 6 5 7 22 -3 19 -7 11 13 25 -9 15 23 17 -14 -19 20 -2 -16 -4 27 -25 26 -12 28 -15 -26
right_child=2 4 3 -5 -6 9 -8 10 -10 -11 12 -13 16 14 21 -17 -18 18 -20 -21 -22 -23 -24 24 29 -27 -28 -29 -30 -31
leaf_value=-0.11019664716466092 0.10823497386814052 -0.096200812563325244 -0.060230110525683236 0.050348648025177051 0.068121828446094532 -0.080929507373082341 0.10099941509151117 -0.046487331104043093 0.09839814707253898 0.090223594339124899 -0.037617434168884106 0.10094063169854971 0.089208215912154776 0.033193992518738044 0.0040669683117374135 -0.11085221935629264 -0.13618884620781904 -0.077974296328391202 0.059951604490722815 -0.088353228205153608 -0.13123567586134052 0.11707159937979249 0.080734769427155212 -0.11515840511100379 -0.094185402322291417 -0.12969299613734372 0.10362032823753578 -0.0269280618511714 0.18497499022045447 0.045945894149741269
leaf_weight=19.392882600426674 10.319281294941904 13.0092366784811 11.371044263243677 128.75239305198193 51.16749694943428 45.081508219242096 342.14666613936424 31.065750062465668 13.950186327099798 5.5575559437274924 50.388552948832512 48.290156677365303 27.983534887433052 13.798210620880129 15.668011575937269 9.678737595677374 4.4474161118268958 14.438997358083727 16.363389551639557 16.100579917430878 4.0910332500934592 26.385463461279869 10.551082760095595 11.189726650714872 5.6552563160657909 10.666984051465986 5.7790675759315482 9.1065095961093885 9.1617991775274259 25.280015841126442
leaf_count=128 34 66 43 334 143 216 709 143 44 14 239 142 90 45 60 47 24 76 57 80 22 76 23 55 26 61 16 39 20 86
internal_value=0.0442026 0.00582801 0.077714 0.0836508 0.0108719 0.00348982 0.0953836 0.0130256 0.0116437 -0.0618078 0.01732 0.0329493 -0.00727635 0.0119205 0.0264346 0.00174549 0.0273049 0.0400541 -0.00442236 -0.0278873 0.0391251 0.0753158 0.00722049 0.0166986 -0.0160109 -0.0401356 -0.0227495 0.0598953 0.0947328 0.0197854
internal_weight=1006.84 469.556 537.282 492.821 450.163 398.996 364.069 348.357 44.4611 50.6391 335.348 205.28 130.068 156.989 125.924 83.8703 63.2333 58.7859 30.8024 30.5109 14.4103 42.0535 21.9221 74.1915 42.125 66.8346 56.1676 32.0665 22.96 30.9353
internal_count=3158 1869 1289 1109 1741 1598 775 1368 180 230 1302 739 563 597 454 318 247 223 133 136 56 136 66 271 167 316 255 104 65 112
is_linear=0
shrinkage=0.1


Tree=9
num_leaves=31
num_cat=2
split_feature=13 15 12 15 13 14 17 17 20 12 9 4 13 9 7 7 17 7 16 9 20 17 21 12 13 20 4 7 4 18
split_gain=117.984 53.0438 30.3059 18.6977 16.5403 15.5931 12.3568 16.5729 12.1886 12.0264 15.248 12.0182 13.2129 14.0879 12.035 11.997 17.9003 10.4173 12.844 11.9774 15.5787 9.29876 11.2711 13.3631 12.2918 8.90081 8.39755 12.5718 8.69889 8.72584
threshold=1159.4900512695315 0 4.5000000000000009 1 1181.840026855469 38.811590194702156 208.11182403564456 274.95535278320318 0.035558719187974937 4.5000000000000009 15.500000000000002 8672.2905273437518 2702.025024414063 16.500000000000004 4.5000000000000009 21.500000000000004 115.41949844360353 24.500000000000004 260.58015441894537 26.500000000000004 0.049876576289534576 52.260732650756843 0.017629432491958145 1.5000000000000002 28.750000000000004 0.014867246616631748 3868.3378906250005 10.500000000000002 2945.9091796875005 329.84539794921881
decision_type=8 9 2 9 10 2 10 10 8 2 2 10 8 2 10 10 8 8 8 2 10 10 8 2 10 10 10 8 8 8
left_child=1 8 4 26 -2 21 -6 -8 -1 10 -7 12 13 14 -4 16 -16 -14 19 20 -19 -5 25 -24 -25 -23 28 -28 29 -3
right_child=2 3 11 5 6 9 7 -9 -10 -11 -12 -13 17 -15 15 -17 -18 18 -20 -21 -22 22 23 24 -26 -27 27 -29 -30 -31
leaf_value=0.08582660550113802 0.14513420734270707 0.069862632982101935 0.13096476604306215 -0.085966741348654688 -0.043804423551605291 0.0030252072838644465 0.15984183294336321 -0.05652206006593672 -0.043871835067539854 -0.057130518132586711 0.16567958591892523 -0.039025019095059343 0.073942082683438035 0.094356197702764502 -0.093073913600583938 0.082548850156124717 0.047549781367130735 0.056525720947142526 -0.090081129940872251 0.061566128466174035 -0.14777132719546038 -0.037598897506300771 -0.13027476583474681 0.14287385168825112 -0.040119267879824963 0.10380995351663319 -0.094408258320958907 0.073864296808365412 0.14622138700888274 -0.086487083607706183
leaf_weight=68.518009871244431 6.9670893996953955 13.426632940769201 13.485467687249182 50.961013272404671 42.951922833919525 16.543573617935184 7.8476101011037809 6.2237386554479599 7.9326749593019477 13.005799561738966 8.8558521568775159 9.1811549216508848 91.843981727957726 321.25834418833256 14.968146309256552 23.343628227710724 22.519635505974293 7.7069076150655729 8.670926481485365 50.899538174271584 6.9953262656927109 8.080732077360155 16.568137936294079 3.674119070172309 114.43772875517607 9.5149234682321531 9.6063868254423159 8.0448619425296766 9.7782019674777967 4.712228149175643
leaf_count=196 20 40 36 303 185 70 17 28 36 61 24 36 208 682 64 49 69 18 32 125 27 40 95 12 540 33 44 25 22 21
internal_value=0.0400708 -0.00532128 0.0660847 -0.0251337 0.000666896 -0.0363109 -0.0170322 0.0637152 0.0638567 0.0203975 0.0605563 0.0733986 0.0752606 0.085246 0.0456559 0.0263961 -0.00843073 0.0513852 0.0232956 0.0385477 -0.0403449 -0.0488667 -0.0363368 -0.0462041 -0.0342262 0.0384579 0.0297919 -0.0171677 0.070429 0.0284453
internal_weight=998.524 363.661 634.863 287.21 63.9904 241.642 57.0233 14.0713 76.4507 38.4052 25.3994 570.873 561.692 395.575 74.3169 60.8314 37.4878 166.117 74.2727 65.6018 14.7022 203.237 152.276 134.68 118.112 17.5957 45.5683 17.6512 27.9171 18.1389
internal_count=3158 1562 1596 1330 250 1178 230 45 232 155 94 1346 1310 900 218 182 133 410 202 170 45 1023 720 647 552 73 152 69 83 61
cat_boundaries=0 10 20
cat_threshold=0 0 2097152 2166456840 142606352 1073812480 131072 98752 2166358016 192 0 0 269486080 8388880 1141374976 167772160 2684358656 134217728 0 4
is_linear=0
shrinkage=0.1


end of trees

feature_importances:
Amount_invested_monthly=29
Interest_Rate=28
Outstanding_Debt=24
monthly_debt_service_ratio=23
Num_Credit_Card=20
Num_of_Delayed_Payment=17
Num_Credit_Inquiries=17
Delay_from_due_date=16
Credit_Utilization_Ratio=14
Changed_Credit_Limit=13
debt_to_income_ratio=13
investment_rate=13
Total_EMI_per_month=12
Num_of_Loan=11
Credit_History_Age=11
Age=10
Annual_Income=10
Monthly_Balance=8
Num_Bank_Accounts=6
Monthly_Inhand_Salary=5

parameters:
[boosting: gbdt]
[objective: binary]
[metric: auc]
[tree_learner: serial]
[device_type: cpu]
[data_sample_strategy: bagging]
[data: ]
[valid: ]
[num_iterations: 10]
[learning_rate: 0.1]
[num_leaves: 31]
[num_threads: -1]
[seed: 42]
[deterministic: 0]
[force_col_wise: 1]
[force_row_wise: 0]
[histogram_pool_size: -1]
[max_depth: -1]
[min_data_in_leaf: 20]
[min_sum_hessian_in_leaf: 0.001]
[bagging_fraction: 0.8]
[pos_bagging_fraction: 1]
[neg_bagging_fraction: 1]
[bagging_freq: 5]
[bagging_seed: 400]
[bagging_by_query: 0]
[feature_fraction: 0.8]
[feature_fraction_bynode: 1]
[feature_fraction_seed: 30056]
[extra_trees: 0]
[extra_seed: 12879]
[early_stopping_round: 0]
[early_stopping_min_delta: 0]
[first_metric_only: 0]
[max_delta_step: 0]
[lambda_l1: 0.1]
[lambda_l2: 0.1]
[linear_lambda: 0]
[min_gain_to_split: 0]
[drop_rate: 0.1]
[max_drop: 50]
[skip_drop: 0.5]
[xgboost_dart_mode: 0]
[uniform_drop: 0]
[drop_seed: 17869]
[top_rate: 0.2]
[other_rate: 0.1]
[min_data_per_group: 100]
[max_cat_threshold: 32]
[cat_l2: 10]
[cat_smooth: 10]
[max_cat_to_onehot: 4]
[top_k: 20]
[monotone_constraints: ]
[monotone_constraints_method: basic]
[monotone_penalty: 0]
[feature_contri: ]
[forcedsplits_filename: ]
[refit_decay_rate: 0.9]
[cegb_tradeoff: 1]
[cegb_penalty_split: 0]
[cegb_penalty_feature_lazy: ]
[cegb_penalty_feature_coupled: ]
[path_smooth: 0]
[interaction_constraints: ]
[verbosity: -1]
[saved_feature_importance_type: 0]
[use_quantized_grad: 0]
[num_grad_quant_bins: 4]
[quant_train_renew_leaf: 0]
[stochastic_rounding: 1]
[linear_tree: 0]
[max_bin: 255]
[max_bin_by_feature: ]
[min_data_in_bin: 3]
[bin_construct_sample_cnt: 200000]
[data_random_seed: 175]
[is_enable_sparse: 1]
[enable_bundle: 1]
[use_missing: 1]
[zero_as_missing: 0]
[feature_pre_filter: 1]
[pre_partition: 0]
[two_round: 0]
[header: 0]
[label_column: ]
[weight_column: ]
[group_column: ]
[ignore_column: ]
[categorical_feature: 1,2,15,22]
[forcedbins_filename: ]
[precise_float_parser: 0]
[parser_config_file: ]
[objective_seed: 16083]
[num_class: 1]
[is_unbalance: 0]
[scale_pos_weight: 2.66943]
[sigmoid: 1]
[boost_from_average: 1]
[reg_sqrt: 0]
[alpha: 0.9]
[fair_c: 1]
[poisson_max_delta_step: 0.7]
[tweedie_variance_power: 1.5]
[lambdarank_truncation_level: 30]
[lambdarank_norm: 1]
[label_gain: ]
[lambdarank_position_bias_regularization: 0]
[eval_at: ]
[multi_error_top_k: 1]
[auc_mu_weights: ]
[num_machines: 1]
[local_listen_port: 12400]
[time_out: 120]
[machine_list_filename: ]
[machines: ]
[gpu_platform_id: -1]
[gpu_device_id: -1]
[gpu_use_dp: 0]
[num_gpu: 1]

end of parameters

pandas_categorical:[["Adult", "Middle", "Senior", "Unknown", "Young"], ["Education_Media", "Management", "Other", "Professional", "Skilled_Trade", "Technical"], ["0 Years and 10 Months", "0 Years and 11 Months", "0 Years and 8 Months", "0 Years and 9 Months", "1 Years and 0 Months", "1 Years and 10 Months", "1 Years and 11 Months", "1 Years and 2 Months", "1 Years and 3 Months", "1 Years and 4 Months", "1 Years and 5 Months", "1 Years and 6 Months", "1 Years and 7 Months", "1 Years and 8 Months", "1 Years and 9 Months", "10 Years and 0 Months", "10 Years and 1 Months", "10 Years and 10 Months", "10 Years and 11 Months", "10 Years and 2 Months", "10 Years and 3 Months", "10 Years and 4 Months", "10 Years and 5 Months", "10 Years and 6 Months", "10 Years and 7 Months", "10 Years and 8 Months", "10 Years and 9 Months", "11 Years and 0 Months", "11 Years and 1 Months", "11 Years and 10 Months", "11 Years and 11 Months", "11 Years and 2 Months", "11 Years and 3 Months", "11 Years and 4 Months", "11 Years and 5 Months", "11 Years and 6 Months", "11 Years and 7 Months", "11 Years and 8 Months", "11 Years and 9 Months", "12 Years and 0 Months", "12 Years and 10 Months", "12 Years and 11 Months", "12 Years and 2 Months", "12 Years and 3 Months", "12 Years and 4 Months", "12 Years and 5 Months", "12 Years and 6 Months", "12 Years and 7 Months", "12 Years and 8 Months", "12 Years and 9 Months", "13 Years and 0 Months", "13 Years and 1 Months", "13 Years and 10 Months", "13 Years and 11 Months", "13 Years and 2 Months", "13 Years and 3 Months", "13 Years and 4 Months", "13 Years and 5 Months", "13 Years and 6 Months", "13 Years and 7 Months", "13 Years and 8 Months", "13 Years and 9 Months", "14 Years and 0 Months", "14 Years and 1 Months", "14 Years and 10 Months", "14 Years and 11 Months", "14 Years and 2 Months", "14 Years and 3 Months", "14 Years and 4 Months", "14 Years and 5 Months", "14 Years and 6 Months", "14 Years and 8 Months", "14 Years and 9 Months", "15 Years and 0 Months", "15 Years and 1 Months", "15 Years and 10 Months", "15 Years and 11 Months", "15 Years and 2 Months", "15 Years and 3 Months", "15 Years and 4 Months", "15 Years and 5 Months", "15 Years and 6 Months", "15 Years and 7 Months", "15 Years and 8 Months", "15 Years and 9 Months", "16 Years and 0 Months", "16 Years and 1 Months", "16 Years and 10 Months", "16 Years and 11 Months", "16 Years and 2 Months", "16 Years and 3 Months", "16 Years and 4 Months", "16 Years and 5 Months", "16 Years and 6 Months", "16 Years and 7 Months", "16 Years and 8 Months", "16 Years and 9 Months", "17 Years and 0 Months", "17 Years and 1 Months", "17 Years and 10 Months", "17 Years and 11 Months", "17 Years and 2 Months", "17 Years and 3 Months", "17 Years and 4 Months", "17 Years and 5 Months", "17 Years and 6 Months", "17 Years and 7 Months", "17 Years and 8 Months", "17 Years and 9 Months", "18 Years and 0 Months", "18 Years and 1 Months", "18 Years and 10 Months", "18 Years and 11 Months", "18 Years and 2 Months", "18 Years and 3 Months", "18 Years and 4 Months", "18 Years and 5 Months", "18 Years and 6 Months", "18 Years and 7 Months", "18 Years and 8 Months", "18 Years and 9 Months", "19 Years and 0 Months", "19 Years and 1 Months", "19 Years and 10 Months", "19 Years and 11 Months", "19 Years and 2 Months", "19 Years and 3 Months", "19 Years and 4 Months", "19 Years and 5 Months", "19 Years and 6 Months", "19 Years and 7 Months", "19 Years and 8 Months", "19 Years and 9 Months", "2 Years and 0 Months", "2 Years and 10 Months", "2 Years and 11 Months", "2 Years and 2 Months", "2 Years and 3 Months", "2 Years and 4 Months", "2 Years and 5 Months", "2 Years and 6 Months", "2 Years and 7 Months", "2 Years and 8 Months", "2 Years and 9 Months", "20 Years and 0 Months", "20 Years and 1 Months", "20 Years and 10 Months", "20 Years and 11 Months", "20 Years and 2 Months", "20 Years and 3 Months", "20 Years and 4 Months", "20 Years and 5 Months", "20 Years and 6 Months", "20 Years and 7 Months", "20 Years and 8 Months", "20 Years and 9 Months", "21 Years and 0 Months", "21 Years and 1 Months", "21 Years and 10 Months", "21 Years and 11 Months", "21 Years and 2 Months", "21 Years and 3 Months", "21 Years and 4 Months", "21 Years and 5 Months", "21 Years and 6 Months", "21 Years and 7 Months", "21 Years and 8 Months", "21 Years and 9 Months", "22 Years and 0 Months", "22 Years and 1 Months", "22 Years and 10 Months", "22 Years and 11 Months", "22 Years and 2 Months", "22 Years and 3 Months", "22 Years and 4 Months", "22 Years and 5 Months", "22 Years and 6 Months", "22 Years and 7 Months", "22 Years and 8 Months", "22 Years and 9 Months", "23 Years and 0 Months", "23 Years and 1 Months", "23 Years and 10 Months", "23 Years and 11 Months", "23 Years and 2 Months", "23 Years and 3 Months", "23 Years and 4 Months", "23 Years and 5 Months", "23 Years and 6 Months", "23 Years and 7 Months", "23 Years and 8 Months", "23 Years and 9 Months", "24 Years and 0 Months", "24 Years and 1 Months", "24 Years and 10 Months", "24 Years and 11 Months", "24 Years and 2 Months", "24 Years and 3 Months", "24 Years and 4 Months", "24 Years and 5 Months", "24 Years and 6 Months", "24 Years and 7 Months", "24 Years and 8 Months", "24 Years and 9 Months", "25 Years and 0 Months", "25 Years and 1 Months", "25 Years and 10 Months", "25 Years and 11 Months", "25 Years and 2 Months", "25 Years and 3 Months", "25 Years and 4 Months", "25 Years and 5 Months", "25 Years and 6 Months", "25 Years and 7 Months", "25 Years and 8 Months", "25 Years and 9 Months", "26 Years and 0 Months", "26 Years and 1 Months", "26 Years and 10 Months", "26 Years and 11 Months", "26 Years and 2 Months", "26 Years and 3 Months", "26 Years and 4 Months", "26 Years and 5 Months", "26 Years and 6 Months", "26 Years and 7 Months", "26 Years and 8 Months", "26 Years and 9 Months", "27 Years and 0 Months", "27 Years and 10 Months", "27 Years and 11 Months", "27 Years and 2 Months", "27 Years and 3 Months", "27 Years and 4 Months", "27 Years and 5 Months", "27 Years and 6 Months", "27 Years and 8 Months", "27 Years and 9 Months", "28 Years and 0 Months", "28 Years and 10 Months", "28 Years and 11 Months", "28 Years and 2 Months", "28 Years and 3 Months", "28 Years and 4 Months", "28 Years and 5 Months", "28 Years and 6 Months", "28 Years and 7 Months", "28 Years and 8 Months", "28 Years and 9 Months", "29 Years and 0 Months", "29 Years and 1 Months", "29 Years and 10 Months", "29 Years and 11 Months", "29 Years and 2 Months", "29 Years and 3 Months", "29 Years and 4 Months", "29 Years and 5 Months", "29 Years and 6 Months", "29 Years and 7 Months", "29 Years and 8 Months", "29 Years and 9 Months", "3 Years and 0 Months", "3 Years and 10 Months", "3 Years and 11 Months", "3 Years and 2 Months", "3 Years and 3 Months", "3 Years and 4 Months", "3 Years and 5 Months", "3 Years and 6 Months", "3 Years and 7 Months", "3 Years and 8 Months", "3 Years and 9 Months", "30 Years and 0 Months", "30 Years and 1 Months", "30 Years and 10 Months", "30 Years and 11 Months", "30 Years and 2 Months", "30 Years and 3 Months", "30 Years and 4 Months", "30 Years and 5 Months", "30 Years and 6 Months", "30 Years and 7 Months", "30 Years and 8 Months", "30 Years and 9 Months", "31 Years and 0 Months", "31 Years and 1 Months", "31 Years and 10 Months", "31 Years and 11 Months", "31 Years and 2 Months", "31 Years and 3 Months", "31 Years and 4 Months", "31 Years and 5 Months", "31 Years and 6 Months", "31 Years and 8 Months", "31 Years and 9 Months", "32 Years and 0 Months", "32 Years and 1 Months", "32 Years and 10 Months", "32 Years and 11 Months", "32 Years and 2 Months", "32 Years and 3 Months", "32 Years and 4 Months", "32 Years and 5 Months", "32 Years and 6 Months", "32 Years and 7 Months", "32 Years and 8 Months", "32 Years and 9 Months", "33 Years and 0 Months", "33 Years and 1 Months", "33 Years and 2 Months", "33 Years and 3 Months", "33 Years and 4 Months", "33 Years and 5 Months", "33 Years and 6 Months", "33 Years and 7 Months", "33 Years and 8 Months", "4 Years and 0 Months", "4 Years and 1 Months", "4 Years and 10 Months", "4 Years and 11 Months", "4 Years and 2 Months", "4 Years and 3 Months", "4 Years and 4 Months", "4 Years and 5 Months", "4 Years and 6 Months", "4 Years and 8 Months", "4 Years and 9 Months", "5 Years and 0 Months", "5 Years and 1 Months", "5 Years and 10 Months", "5 Years and 11 Months", "5 Years and 2 Months", "5 Years and 3 Months", "5 Years and 4 Months", "5 Years and 5 Months", "5 Years and 6 Months", "5 Years and 8 Months", "5 Years and 9 Months", "6 Years and 0 Months", "6 Years and 1 Months", "6 Years and 10 Months", "6 Years and 11 Months", "6 Years and 2 Months", "6 Years and 3 Months", "6 Years and 4 Months", "6 Years and 5 Months", "6 Years and 6 Months", "6 Years and 8 Months", "6 Years and 9 Months", "7 Years and 0 Months", "7 Years and 1 Months", "7 Years and 10 Months", "7 Years and 11 Months", "7 Years and 2 Months", "7 Years and 3 Months", "7 Years and 4 Months", "7 Years and 5 Months", "7 Years and 6 Months", "7 Years and 8 Months", "7 Years and 9 Months", "8 Years and 0 Months", "8 Years and 1 Months", "8 Years and 10 Months", "8 Years and 11 Months", "8 Years and 2 Months", "8 Years and 3 Months", "8 Years and 4 Months", "8 Years and 5 Months", "8 Years and 6 Months", "8 Years and 8 Months", "8 Years and 9 Months", "9 Years and 0 Months", "9 Years and 1 Months", "9 Years and 10 Months", "9 Years and 11 Months", "9 Years and 2 Months", "9 Years and 3 Months", "9 Years and 4 Months", "9 Years and 5 Months", "9 Years and 6 Months", "9 Years and 7 Months", "9 Years and 8 Months", "9 Years and 9 Months"], ["Very_High"]]
