tree
version=v4
num_class=1
num_tree_per_iteration=1
label_index=0
max_feature_idx=23
objective=binary sigmoid:1
feature_names=Age age_group occupation_category Annual_Income Monthly_Inhand_Salary Num_Bank_Accounts Num_Credit_Card Interest_Rate Num_of_Loan Delay_from_due_date Num_of_Delayed_Payment Changed_Credit_Limit Num_Credit_Inquiries Outstanding_Debt Credit_Utilization_Ratio Credit_History_Age Total_EMI_per_month Amount_invested_monthly Monthly_Balance debt_to_income_ratio monthly_debt_service_ratio investment_rate credit_utilization_category financial_risk_score
feature_infos=[14:56] -1:1:0:4:2:3 -1:3:0:1:5:4:2 [7064.384765625:143741.203125] [332.43124389648438:12034.43359375] [0:64] [1:10] [1:34] [0:9] [-5:63] [0:28] [-4.4600000381469727:33.849998474121094] [0:2389] [0.23000000417232513:4117.60986328125] [21.945167541503906:46.771266937255859] -1:107:349:86:109:122:39:54:105:139:172:208:241:255:342:19:23:27:57:62:70:74:82:87:88:91:96:110:125:143:219:263:286:312:318:28:35:43:51:59:60:67:73:85:90:98:99:101:103:114:117:118:119:121:134:135:167:182:184:187:215:229:234:243:259:285:306:316:321:322:328:343:347:352 [0:384.75173950195312] [10.418357849121094:452.263427734375] [0.7102397084236145:1396.8818359375] [2.6699801765062148e-06:0.5546908974647522] [0:0.20150253176689148] [0.0067155808210372925:0.14429071545600891] none [2:8]
tree_sizes=1697 1689 1901 1699 1784 1904 1806 1688 1588 1699 1892 1694 1704 1804 1808 1591 1789 1894 1794 2005 1708 1813 1796 1798 1707 1589 1787 1807 1808 1919 1911

Tree=0
num_leaves=16
num_cat=0
split_feature=13 19 18 11 18 19 7 20 13 14 11 4 20 13 4
split_gain=59.902 6.69167 7.36931 6.61024 4.9828 5.89686 3.95879 3.88562 3.66429 3.24182 2.43802 2.19641 2.06592 0.706099 0.427368
threshold=1482.5500488281252 0.038511455059051521 240.67243194580081 15.189999580383303 331.79037475585943 0.015690702013671402 15.500000000000002 0.0073369422461837539 2008.7600097656252 32.457479476928718 7.9849998950958261 7477.8298339843759 0.049754310399293906 2100.690063476563 2986.7465820312505
decision_type=8 10 2 10 2 10 10 10 10 2 8 8 8 8 10
left_child=1 2 -1 10 14 7 -3 -6 -5 -7 12 -9 -2 -12 -4
right_child=3 6 4 8 5 9 -8 11 -10 -11 13 -13 -14 -15 -16
leaf_value=0.033928571428571433 0.044859813084112139 -0.03580246913580247 -0.17570093457943931 0.10454545454545457 -0.14619289340101518 -0.063934426229508221 0.076470588235294124 -0.10093457943925239 0.0045197740112994361 0.037795275590551181 0.12321428571428578 -0.0074766355140186902 0.13831775700934576 0.18488372093023253 -0.11568627450980391
leaf_weight=5.4999999999999991 5.2500000000000009 7.9999999999999982 5.2499999999999982 6.4999999999999991 9.7500000000000018 5.9999999999999982 5 5.2499999999999973 8.7499999999999982 6.25 5.4999999999999973 5.2500000000000009 5.2500000000000009 8.5 5
leaf_count=22 21 32 21 26 39 24 20 21 35 25 22 21 21 34 20
internal_value=0.00583581 -0.0560717 -0.0732161 0.10138 -0.0872812 -0.0671779 0.00687023 -0.100246 0.0482085 -0.011336 0.13374 -0.0556604 0.0933962 0.162411 -0.148792
internal_weight=101 61.25 48.25 39.75 42.75 32.5 13 20.25 15.25 12.25 24.5 10.5 10.5 14 10.25
internal_count=404 245 193 159 171 130 52 81 61 49 98 42 42 56 41
is_linear=0
shrinkage=0.1


Tree=1
num_leaves=15
num_cat=0
split_feature=13 9 11 0 19 11 6 11 10 10 11 20 0 21
split_gain=48.9712 5.94348 8.56806 6.25439 6.91648 5.42902 4.5865 6.45913 3.63484 3.52884 1.99701 1.68456 1.05813 0.340425
threshold=1482.5500488281252 15.500000000000002 11.799999713897707 33.500000000000007 0.015690702013671402 15.189999580383303 5.5000000000000009 8.5300002098083514 9.5000000000000018 19.500000000000004 7.9849998950958261 0.049754310399293906 25.500000000000004 0.033525869250297553
decision_type=8 2 10 10 10 10 8 8 8 10 8 8 8 8
left_child=1 6 3 -3 -5 10 7 13 -8 -7 11 -2 -12 -1
right_child=5 2 -4 4 -6 9 8 -9 -10 -11 12 -13 -14 -15
leaf_value=-0.18803135930914974 0.040478401239070816 0.075626528251899069 -0.10536985131488326 -0.11425747312089769 0.037774484072969718 0.0047693939675738138 0.030330468458794627 -0.044040584850249954 -0.078132448293055629 0.10480938269112734 0.10122627775857684 0.12535259199505355 0.1706710674127136 -0.13064797111054885
leaf_weight=5.4881501644849786 5.2473595440387735 9.4842379987239891 7.9803634583950034 5.4806798249483091 6.2417678683996201 9.4890620112419111 5.2405420094728443 8.7303385883569735 6.9837949275970468 5.7431647181510916 4.9692927300929997 5.2249694913625726 8.9376600980758667 5.4779841452836999
leaf_count=22 21 38 32 22 25 38 21 35 28 23 20 21 36 22
internal_value=0.00528816 -0.0507217 -0.0175737 0.0153353 -0.0328255 0.0918554 -0.080569 -0.110545 -0.0309545 0.0435783 0.121309 0.0845558 0.147471 -0.16171
internal_weight=100.719 61.1079 29.187 21.2067 11.7224 39.6115 31.9208 19.6965 12.2243 15.2322 24.3793 10.4723 13.907 10.9661
internal_count=404 245 117 85 47 159 128 79 49 61 98 42 56 44
is_linear=0
shrinkage=0.1


Tree=2
num_leaves=17
num_cat=0
split_feature=13 5 7 20 16 21 10 14 21 3 5 20 4 21 16 18
split_gain=40.2472 5.08773 8.1582 8.09008 6.30668 4.8657 5.98096 4.06004 3.50006 3.25835 3.14818 5.9366 2.92979 2.7738 1.55291 1.16872
threshold=1482.5500488281252 5.5000000000000009 11.500000000000002 0.049754310399293906 73.772300720214858 0.039012489840388305 10.500000000000002 31.639494895935062 0.052749315276741988 43513.804687500007 7.5000000000000009 0.036005711182951934 1385.484558105469 0.036124173551797874 98.317897796630874 292.85870361328131
decision_type=8 10 10 8 8 8 10 2 10 10 8 10 10 8 10 2
left_child=1 3 9 5 -4 7 8 -1 -7 -3 11 -2 -12 -13 -14 -16
right_child=10 2 4 -5 -6 6 -8 -9 -10 -11 12 13 14 -15 15 -17
leaf_value=-0.15752313396940021 0.12245247187684308 -0.010368861799330576 -0.030124368513537288 -0.16955209505180974 0.11861732329996938 0.091062158425958009 -0.079886476605868284 -0.042432407290248567 -0.017283572817087776 -0.12563001670303847 0.039296320185305322 0.060984780387916139 0.17575036085046905 -0.038317558177989541 0.13839368298373367 0.062734733199183865
leaf_weight=5.6672120839357358 7.1388960927724865 4.9730347394943255 4.9730940461158726 6.4461627602577201 6.2278477996587762 5.2234441339969653 8.1987997591495496 7.4561024755239487 6.4515446573495865 5.2136956304311752 4.944204822182658 4.9533146321773502 5.9102868735790279 6.1896830946207055 5.176151826977728 4.9575318545103073
leaf_count=23 29 20 20 26 25 21 33 30 26 21 20 20 24 25 21 20
internal_value=0.00481787 -0.0460002 -0.00616133 -0.0672792 0.0520106 -0.0465456 -0.0145907 -0.0937052 0.0307032 -0.0709809 0.083708 0.0518766 0.110583 0.00508494 0.131552 0.103332
internal_weight=100.101 60.8309 21.3877 39.4433 11.2009 32.9971 19.8738 13.1233 11.675 10.1867 39.2701 18.2819 20.9882 11.143 16.044 10.1337
internal_count=404 245 86 159 45 133 80 53 47 41 159 74 85 45 65 41
is_linear=0
shrinkage=0.1


Tree=3
num_leaves=15
num_cat=0
split_feature=13 9 11 0 19 11 16 19 18 12 14 14 13 10
split_gain=33.2003 4.6916 7.07759 4.83236 5.37202 4.41818 3.80277 5.39265 3.28949 1.95854 1.98885 1.80795 1.45092 2.33187
threshold=1482.5500488281252 15.500000000000002 11.799999713897707 33.500000000000007 0.015690702013671402 15.189999580383303 202.22699737548831 0.035642191767692573 323.62324523925787 12.500000000000002 29.740232467651371 34.273908615112312 932.60498046875011 9.5000000000000018
decision_type=8 2 10 10 10 10 10 10 2 2 2 2 8 10
left_child=1 6 3 -3 -5 9 7 12 -7 10 -2 -12 13 -1
right_child=5 2 -4 4 -6 8 -8 -9 -10 -11 11 -13 -14 -15
leaf_value=-0.038072555868199923 0.16436968822482748 0.070584399774316881 -0.092610747173721072 -0.097928751405268688 0.036903373902384198 -0.0024092060523855279 0.0099138815035568102 0.00091158471505112964 0.092336526840514771 0.048906512325380097 0.046360783751150422 0.13252397177543737 -0.14844331329072144 -0.12307003994727664
leaf_weight=6.379308983683595 6.9700197428464952 9.4607629179954582 7.8967145085334769 5.362654507160185 6.2227709740400314 9.4308913648128492 4.9522988796234122 5.6999306082725516 5.6923605054616919 5.8066410422325125 5.5941508561372739 5.3449637144804001 6.6346706598997107 7.8285893499851227
leaf_count=26 29 38 32 22 25 38 20 23 23 24 23 22 27 32
internal_value=0.00436994 -0.0418608 -0.0123046 0.0176496 -0.0249558 0.0764895 -0.0685808 -0.083584 0.0329683 0.103568 0.120365 0.090186 -0.107063 -0.0861381
internal_weight=99.2767 60.4377 28.9429 21.0462 11.5854 38.839 31.4948 26.5425 15.1233 23.7158 17.9091 10.9391 20.8426 14.2079
internal_count=404 245 117 85 47 159 128 108 61 98 74 45 85 58
is_linear=0
shrinkage=0.1


Tree=4
num_leaves=16
num_cat=0
split_feature=13 6 18 3 14 21 14 20 11 5 20 17 3 19 17
split_gain=27.85 8.7742 5.94747 4.87188 3.63121 3.42332 4.36384 3.35578 3.07363 3.4133 2.78896 2.68913 3.1758 1.86213 1.20811
threshold=1290.8649902343752 4.5000000000000009 240.67243194580081 10151.559570312502 26.311889648437504 0.061026437208056457 31.573974609375004 0.012839100789278747 19.744999885559086 7.5000000000000009 0.047314912080764777 112.26051330566408 103061.57812500001 0.039338571950793273 81.582454681396499
decision_type=8 10 2 10 2 10 2 10 10 8 8 8 10 10 10
left_child=2 -2 -1 -3 -4 6 7 -6 9 10 13 -8 -13 -5 -11
right_child=1 3 4 8 5 -7 11 -9 -10 14 -12 12 -14 -15 -16
leaf_value=0.038252307015718592 -0.062874395662326651 -0.0021836761290525654 0.0091510504691859548 0.13793242796140689 -0.045676483764592934 -0.13721678062145129 0.025220001561700997 -0.16448724011956362 0.013697528387935807 0.084386982666237453 0 -0.097496033050510689 0.00163895871409909 0.053965089624757989 0.15517510073870533
leaf_weight=6.4248342812061301 5.3333057165145865 7.3149537295103064 5.6504365652799597 5.1019959300756508 4.8070410043001193 7.3319734781980506 5.9246948212385204 5.5174608528614044 5.4273396730422965 4.7960594296455374 4.9032651931047431 7.3187617063522321 5.3747532516717911 7.0533596128225327 9.9542831778526288
leaf_count=26 22 30 23 21 20 30 24 23 22 20 20 30 22 29 42
internal_value=0.0040124 0.0564706 -0.0499092 0.0710904 -0.0637164 -0.0753357 -0.0588967 -0.111098 0.0857199 0.0976138 0.0653559 -0.0289763 -0.0550534 0.0908628 0.133555
internal_weight=98.2345 49.8846 48.35 44.5513 41.9251 36.2747 28.9427 10.3245 37.2363 31.809 17.0586 18.6182 12.6935 12.1554 14.7503
internal_count=404 206 198 184 172 149 119 43 154 132 70 76 52 50 62
is_linear=0
shrinkage=0.1


Tree=5
num_leaves=17
num_cat=0
split_feature=13 5 7 19 10 11 16 9 17 14 9 13 16 10 11 11
split_gain=28.5257 13.2324 6.78502 4.32272 4.07347 4.25602 3.95282 3.92883 4.23681 3.73048 3.30243 4.23118 2.50876 2.15942 3.01873 1.55161
threshold=1290.8649902343752 1.5000000000000002 13.500000000000002 0.038511455059051521 14.500000000000002 16.869999885559086 121.38513183593751 7.5000000000000009 274.19609069824224 37.618722915649421 39.500000000000007 1954.330017089844 66.095287322998061 10.500000000000002 8.1949996948242205 7.0350000858306894
decision_type=8 8 8 8 10 10 8 2 10 2 2 8 8 10 10 10
left_child=1 -1 -2 7 12 9 -7 -3 13 10 11 -6 -4 14 -9 -15
right_child=2 3 4 -5 5 6 -8 8 -10 -11 -12 -13 -14 15 -16 -17
leaf_value=0.06178363468587407 -0.057943128475801825 -0.15568035535773872 0.17207314633139206 -0.0031247176090016221 -0.018083776591447605 -0.065976668301414673 0.052240084099904577 -0.10890097398255685 0.0063750995903792476 -0.0086108115528017951 0.1367040269542002 0.10194604645620341 0.063440844677646838 -0.067222322152869426 0.00033111392822983166 -0.14622302077353638
leaf_weight=7.7705942988395682 5.1167310923337928 7.9559222608804694 4.804212033748624 6.6379906237125388 4.8553877919912383 5.4469365626573536 5.6398813575506219 4.8008798807859474 5.1380471885204306 4.7818043529987326 8.2379047721624357 6.7978992462158212 4.7857962101697931 4.748441979289054 4.8559762388467789 8.4204608052968961
leaf_count=32 21 33 20 27 20 22 23 20 21 20 35 29 20 20 20 35
internal_value=-0.00359359 -0.0569009 0.0493773 -0.0788999 0.061807 0.0456018 -0.00501631 -0.0925781 -0.0737779 0.0686792 0.08771 0.051356 0.120107 -0.0922055 -0.053508 -0.119212
internal_weight=100.795 50.3283 50.4666 42.5577 45.3498 35.7598 11.0868 35.9197 27.9638 24.673 19.8912 11.6533 9.59001 22.8258 9.65686 13.1689
internal_count=418 208 210 176 189 149 45 149 116 104 84 49 40 95 40 55
is_linear=0
shrinkage=0.1


Tree=6
num_leaves=16
num_cat=0
split_feature=13 5 7 18 5 17 19 14 16 17 19 18 19 0 19
split_gain=23.5679 10.9388 5.77569 3.73926 5.28348 4.0313 3.63542 2.7876 2.93824 2.35705 2.24198 2.57972 1.77383 1.72168 0.523352
threshold=1290.8649902343752 1.5000000000000002 13.500000000000002 297.03198242187506 7.5000000000000009 105.15732574462892 0.038511455059051521 38.495712280273445 204.81404113769534 171.5583419799805 0.018858706578612331 356.69450378417974 0.055690523236989982 30.500000000000004 0.0046968450769782075
decision_type=8 8 10 2 10 10 8 2 10 8 10 2 10 8 10
left_child=1 -1 -2 4 13 -6 7 8 10 12 14 -12 -5 -4 -3
right_child=2 6 3 9 5 -7 -8 -9 -10 -11 11 -13 -14 -15 -16
leaf_value=0.055308748019538494 -0.038028612489222235 -0.096078560454828474 -0.065190001348641113 0.14649198529210086 0.019628879934161684 0.13724999554626027 -0.0028176791496393747 -0.011862781472316798 -0.023638198245889183 0.026621623377245253 -0.12115275225958483 -0.016928434214561965 0.073124005752908325 0.015250772120909042 -0.15020329524375575
leaf_weight=7.8210164457559577 6.9545692652463904 4.691181465983397 4.8575179278850564 7.3829314261674908 6.6464765667915326 5.4988011717796326 6.636191025376319 4.8319134116172782 5.0624562203884116 4.954983413219451 4.9316975474357587 5.0556166768074036 8.1283238828182203 5.3614123463630685 10.707626014947889
leaf_count=32 29 20 20 32 28 24 27 20 21 21 21 21 34 22 46
internal_value=-0.0032806 -0.0520082 0.0452069 0.0590122 0.0298685 0.0743847 -0.0723539 -0.0851059 -0.0963247 0.0900723 -0.110278 -0.0700762 0.1094 -0.0222785 -0.135086
internal_weight=99.5227 49.7377 49.785 42.8304 22.3642 12.1453 41.9167 35.2805 30.4486 20.4662 25.3861 9.98731 15.5113 10.2189 15.3988
internal_count=418 208 210 181 94 52 176 149 129 87 108 42 66 42 66
is_linear=0
shrinkage=0.1


Tree=7
num_leaves=15
num_cat=0
split_feature=9 0 8 19 18 14 10 0 16 18 11 7 0 11
split_gain=14.3461 8.80457 5.40267 5.10756 4.66068 3.73032 4.54107 3.46101 3.25238 2.71597 2.55274 2.47239 2.42208 1.24479
threshold=15.500000000000002 45.500000000000007 3.5000000000000004 0.024628269486129287 295.00909423828131 35.191627502441413 19.500000000000004 42.500000000000007 18.572275161743168 411.57815551757818 9.3699998855590838 24.500000000000004 28.500000000000004 5.7850000858306894
decision_type=2 8 8 8 2 2 10 10 10 2 8 8 8 8
left_child=2 3 7 8 5 6 -5 13 -2 -10 -6 -12 -4 -1
right_child=1 -3 12 4 10 -7 -8 -9 9 -11 11 -13 -14 -15
leaf_value=-0.15414094161131511 -0.080143231244969262 -0.087073174119056837 -0.057528872409901025 0.0040044293346374804 0.1314596677165582 -0.029512142009977101 0.1235265633072673 -0.03060729282144092 -0.032611895406471067 0.072528512637681494 0.013362097290526424 0.1053014634861542 0.032051944228406938 -0.085624133786818213
leaf_weight=5.4472153931856191 4.7654295563697806 6.1168405562639228 4.7299831956624958 7.7553578764200228 8.6607320755720121 8.3231600224971753 5.5187398046255112 8.5051242709159833 4.6840206980705243 4.8135749250650406 6.5527991950511941 5.6960565149784097 7.9251853078603753 8.7074315100908262
leaf_count=24 20 26 20 33 37 35 24 36 20 20 28 25 33 37
internal_value=-0.00301367 0.0255126 -0.0540225 0.0379511 0.0553396 0.0219813 0.0549958 -0.0831538 -0.0131987 0.019834 0.0890504 0.0574327 -0.000834226 -0.11359
internal_weight=98.2017 62.8867 35.3149 56.7699 42.5068 21.5973 13.2741 22.6598 14.263 9.4976 20.9096 12.2489 12.6552 14.1546
internal_count=418 268 150 242 182 92 57 97 60 40 90 53 53 61
is_linear=0
shrinkage=0.1


Tree=8
num_leaves=14
num_cat=0
split_feature=19 9 7 16 14 11 14 17 18 11 23 16 6
split_gain=12.1317 7.23613 6.86843 6.2496 5.58459 6.23865 5.04884 4.04447 3.81818 3.22795 3.00861 2.74735 1.89777
threshold=0.024628269486129287 16.500000000000004 4.5000000000000009 77.063503265380874 38.230020523071296 6.495000123977662 29.256357192993168 311.26490783691412 295.00909423828131 8.1250000000000018 5.5000000000000009 71.965221405029311 5.5000000000000009
decision_type=8 2 8 10 2 10 2 8 2 8 2 8 8
left_child=2 6 -1 9 5 -3 -2 -5 10 -4 -7 -10 -8
right_child=1 4 3 7 -6 8 12 -9 11 -11 -12 -13 -14
leaf_value=0.046911005558935404 0.039671310869768314 0.13976875778142464 -0.15750759010849066 -0.064942070881154737 -0.027632282897609464 -0.039381850305371065 -0.11325680094734698 0.041746337511889851 0.13383151910511867 -0.063630289244799701 0.049239337090311745 0.03486595245565656 -0.026811942259996575
leaf_weight=6.0791177451610556 6.384821534156802 8.2329708188772184 7.8407663404941585 8.1410915255546534 8.0646666288375837 7.3828144818544406 5.3983249962329838 6.0535422712564477 5.4691247791051838 8.1696671098470706 7.6920693963766098 6.5750459134578714 5.5765835493803033
leaf_count=26 27 37 35 35 34 31 23 25 24 36 33 29 23
internal_value=-0.00274705 0.0244506 -0.0485202 -0.0681483 0.0463299 0.063515 -0.0296489 -0.0187697 0.0395695 -0.110918 0.00520526 0.0813605 -0.070874
internal_weight=97.0606 60.7764 36.2842 30.2051 43.4167 35.352 17.3597 14.1946 27.1191 16.0104 15.0749 12.0442 10.9749
internal_count=418 261 157 131 188 154 73 60 117 71 64 53 46
is_linear=0
shrinkage=0.1


Tree=9
num_leaves=15
num_cat=0
split_feature=13 10 7 9 10 12 13 21 16 20 16 7 13 9
split_gain=14.7939 5.91923 4.02951 3.64094 3.5953 3.02886 2.94825 2.94126 3.8928 3.63357 2.89549 2.83143 1.92372 1.37963
threshold=1290.8649902343752 10.500000000000002 13.500000000000002 5.5000000000000009 12.500000000000002 5.5000000000000009 837.18499755859386 0.048795951530337341 143.75156402587893 0.02782576717436314 194.71394348144534 9.5000000000000018 2028.4199829101565 18.500000000000004
decision_type=8 10 10 2 10 2 10 8 8 10 8 10 8 2
left_child=1 3 -2 -1 -4 11 13 10 9 -9 12 -5 -6 -3
right_child=2 6 4 5 7 -7 -8 8 -10 -11 -12 -13 -14 -15
leaf_value=-0.083430646737598702 -0.033304599120427124 -0.13486056343453831 0.12273674660023942 0.067450180751210065 0.042938011153583866 -0.048742078697679686 -0.02910215547937918 0.045151606692355829 0.074577501116573741 -0.064615140636555851 -0.0016826530088425143 -0.024602176717148348 0.12587487329159092 -0.065761755086707424
leaf_weight=5.0515099912881878 6.8259168565273276 8.1913281828165072 5.6500330418348303 9.4888532310724276 5.6479303091764459 5.8792850524187079 8.2209596335887891 4.650133743882181 5.8790748119354239 7.9067146927118301 4.3991725742816916 4.8669549971818915 6.9838999956846246 6.1615604907274237
leaf_count=22 29 38 25 39 25 26 35 20 26 34 20 21 31 27
internal_value=-0.00249988 -0.0418838 0.0366136 -0.0081407 0.0485161 0.0104809 -0.0790383 0.0360994 0.00771613 -0.0231399 0.0660159 0.0355962 0.0902062 -0.106549
internal_weight=95.8033 47.8605 47.9429 25.2866 41.117 20.2351 22.5738 35.4669 18.4359 12.5568 17.031 14.3558 12.6318 14.3529
internal_count=418 208 210 108 181 86 100 156 80 54 76 60 56 65
is_linear=0
shrinkage=0.1


Tree=10
num_leaves=17
num_cat=0
split_feature=13 7 21 7 5 19 14 16 6 20 17 13 12 23 16 13
split_gain=10.6214 6.23671 4.44564 3.64102 5.2383 4.31133 4.14756 3.20574 3.05941 2.24959 1.99688 2.87296 1.94593 2.34507 1.43027 0.210258
threshold=1537.8750000000002 23.500000000000004 0.023676008917391304 15.500000000000002 1.5000000000000002 0.039972918108105666 37.730381011962898 41.935634613037116 6.5000000000000009 0.039737533777952201 115.50175094604494 2516.5649414062505 5.5000000000000009 4.5000000000000009 31.000726699829105 702.12500000000011
decision_type=8 10 10 10 8 8 2 8 8 10 8 8 2 2 10 10
left_child=3 10 -3 4 -1 6 12 -5 -4 -10 -2 -12 13 14 -6 -14
right_child=1 2 8 7 5 -7 -8 -9 9 -11 11 -13 15 -15 -16 -17
leaf_value=0.035740533927763191 0.12496880633122326 -0.080064121174663397 0.087804921806048472 -0.035776059791017188 -0.13785844195595851 0.0063995951836969267 0.0058595967030105941 0.063591467907259169 0.045369394312546087 -0.050884771486553029 0.10814748991297274 0 -0.099044490733404336 -0.0032617288980038937 -0.054854205393698112 -0.15122823229463667
leaf_weight=7.6377341896295539 7.9196771532297161 4.5971559584140804 5.7699369937181446 5.4500524401664707 4.258580103516584 8.7048534452915174 5.2193413227796546 7.5023071914911279 4.6127643436193466 4.8764979690313339 4.6516161412000629 4.7565943896770486 4.3449831008911115 4.4870406836271277 5.574639767408371 4.6761727780103683
leaf_count=32 36 21 26 23 21 36 23 32 21 21 21 21 20 20 25 21
internal_value=0.00164654 0.0433789 0.00450598 -0.0250312 -0.0385656 -0.0541175 -0.072869 0.02106 0.030991 -0.00306725 0.087069 0.053135 -0.0908499 -0.0656789 -0.0928344 -0.128552
internal_weight=95.0399 37.1842 19.8564 57.8557 44.9033 37.2656 28.5608 12.9524 15.2592 9.48926 17.3279 9.40821 23.3414 14.3203 9.83322 9.02116
internal_count=420 167 89 253 198 166 130 55 68 42 78 42 107 66 46 41
is_linear=0
shrinkage=0.1


Tree=11
num_leaves=15
num_cat=0
split_feature=13 13 23 5 19 14 13 17 23 6 3 17 8 5
split_gain=8.83008 4.04131 4.03293 3.44049 4.13904 3.6512 3.40083 4.91428 4.121 3.46413 3.4484 2.41834 2.42103 3.38346
threshold=1537.8750000000002 3321.460083007813 5.5000000000000009 1.5000000000000002 0.038511455059051521 30.840930938720707 1038.070007324219 81.582454681396499 4.5000000000000009 5.5000000000000009 53446.486328125007 51.481620788574226 4.5000000000000009 7.5000000000000009
decision_type=10 10 2 8 10 2 8 8 2 10 10 10 10 10
left_child=2 11 3 -1 6 -6 7 -5 10 -8 -9 -2 -13 -14
right_child=1 -3 -4 4 5 -7 9 8 -10 -11 -12 12 13 -15
leaf_value=0.032091342055946812 0.014188534125401645 -0.035835246772574145 0.046172456844704259 -0.12091852897663982 0.077091531481818854 -0.033344590278411988 -0.15162714566031232 0.006900872926510775 0.040277311405756099 -0.041963341762554056 -0.10835729059102849 0.12973631615140843 0.0006252906073762009 0.11664875577055096
leaf_weight=7.6654078066349021 7.789585590362555 4.821282595396041 7.9730795919895163 4.9428651779890087 4.8967955410480482 7.2634890079498291 6.2278636842966062 4.7406808435916901 8.7545476108789444 6.071097120642662 5.2308330237865448 6.9179473221302059 6.1409078538417798 4.3737187683582306
leaf_count=32 36 21 35 24 20 30 29 22 39 26 25 33 27 21
internal_value=0.00146582 0.0461734 -0.0194807 -0.0291075 -0.0391084 0.0105771 -0.0561664 -0.0331259 -0.00890214 -0.0990757 -0.0530436 0.0623241 0.083059 0.0504734
internal_weight=93.8101 30.0434 63.7667 55.7936 48.1282 12.1603 35.9679 23.6689 18.7261 12.299 9.97151 25.2222 17.4326 10.5146
internal_count=420 138 282 247 215 50 165 110 86 55 47 117 81 48
is_linear=0
shrinkage=0.1


Tree=12
num_leaves=15
num_cat=0
split_feature=7 11 11 21 17 20 3 12 19 19 19 4 11 19
split_gain=7.17822 4.57367 3.89561 7.27781 4.57422 3.14285 3.19232 3.78095 3.53859 3.57395 3.08947 3.03798 1.83 0.96522
threshold=13.500000000000002 27.230000495910648 7.3650000095367441 0.048795951530337341 117.62828826904298 0.017304946668446067 14123.344726562502 8.5000000000000018 0.083032432943582549 0.040304539725184448 0.081951692700386061 5424.7033691406259 3.1550000905990605 0.032999783754348762
decision_type=8 8 10 8 8 8 10 2 8 8 8 10 8 10
left_child=2 5 3 12 -4 -2 -7 10 9 -9 13 -6 -1 -8
right_child=1 -3 4 -5 11 6 7 8 -10 -11 -12 -13 -14 -15
leaf_value=-0.0051449347802895165 -0.023555804274479564 -0.068900375609427952 -0.0017761279459961019 0.069809496132463442 -0.13166727720635421 -0.010138346486253148 0.023567896257781915 0.10619154098082276 0.14615263013295485 -0.011529595270769166 -0.031457950089583915 -0.027173922490761854 -0.094678922339095029 0.092079187613714142
leaf_weight=4.412413105368616 7.4117706418037406 4.483659863471984 8.8328959196805972 8.6863940209150297 8.4506847858428937 7.7744459658861151 4.7069370150566066 5.3610817193984994 7.2076271176338187 4.5920059084892282 6.0407329201698312 4.6168003678321829 5.2917279005050659 4.6025137305259705
leaf_count=20 35 20 39 38 38 34 21 25 34 21 27 21 26 21
internal_value=0.00134128 0.0259058 -0.03021 0.00322731 -0.0586301 0.0351526 0.046233 0.0600097 0.0923399 0.05131 0.0228553 -0.0959955 -0.0554561 0.0591207
internal_weight=92.4717 52.1808 40.2909 18.3905 21.9004 47.6971 40.2853 32.5109 17.1607 9.95309 15.3502 13.0675 9.70414 9.30945
internal_count=420 238 182 84 98 218 183 149 80 46 69 59 46 42
is_linear=0
shrinkage=0.1


Tree=13
num_leaves=16
num_cat=0
split_feature=19 16 14 21 12 16 14 20 16 19 19 4 11 9 9
split_gain=6.21557 5.52099 6.1443 4.78927 3.32492 3.15424 2.67673 4.52337 4.57359 4.00384 3.82217 2.9658 2.15105 2.12139 1.12053
threshold=0.080186653882265105 36.910137176513679 34.273908615112312 0.074537944048643126 4.5000000000000009 12.062142372131349 31.265746116638187 0.039035247638821609 249.53414154052737 0.019285608083009723 0.037013076245784766 7477.8298339843759 12.144999980926515 19.500000000000004 27.500000000000004
decision_type=10 10 2 10 2 10 2 8 8 8 8 10 10 2 2
left_child=1 2 4 12 -1 -4 10 9 -9 11 13 -8 -2 -3 -5
right_child=3 6 5 14 -6 -7 7 8 -10 -11 -12 -13 -14 -15 -16
leaf_value=0.036421080662638002 0.041669494876287898 -0.087741872309941724 -0.055230063234644557 0.14041210594499653 -0.065832679776037947 -0.16449887954278117 -0.039597596428828527 -0.08977044589235586 0.045821243057821606 0.12250838804271486 0.034309248294781602 0.073826144867265076 -0.043297773388200081 -0.0026525139179581565 0.061009792346269937
leaf_weight=7.9802163839340228 7.2919490635395068 7.3451942503452319 6.726664334535597 4.5931227654218656 5.1263416409492493 4.9466168731451035 4.324724867939949 4.9827075302600834 4.686195671558381 6.4975825399160394 7.9564602375030509 4.6011764109134674 4.8372481316328049 5.2533412277698517 4.3070430606603622
leaf_count=36 35 35 32 20 24 22 20 22 21 30 38 20 21 24 20
internal_value=0.00117115 -0.0129718 -0.0509237 0.0488463 -0.00301168 -0.103387 0.00747822 0.0294991 -0.0232337 0.0631379 -0.0189322 0.017933 0.006889 -0.0533491 0.104203
internal_weight=91.4566 70.4272 24.7798 21.0294 13.1066 11.6733 45.6474 25.0924 9.6689 15.4235 20.555 8.9259 12.1292 12.5985 8.90017
internal_count=420 324 114 96 60 54 210 113 43 70 97 40 56 59 40
is_linear=0
shrinkage=0.1


Tree=14
num_leaves=16
num_cat=0
split_feature=19 16 11 12 14 14 7 11 19 0 21 16 14 10 11
split_gain=5.16033 4.61725 4.44357 4.07307 3.78069 3.11438 2.73877 5.39666 4.58578 3.57781 3.44467 2.41011 2.19041 1.5544 1.03861
threshold=0.080186653882265105 46.686313629150398 17.315000534057621 4.5000000000000009 33.693796157836921 29.703941345214847 12.500000000000002 19.744999885559086 0.012313782237470152 33.500000000000007 0.059118097648024566 169.43217468261722 34.273908615112312 15.500000000000002 12.340000152587892
decision_type=10 10 10 2 2 2 8 8 10 8 8 10 2 10 8
left_child=1 3 5 4 -1 -2 8 9 11 14 -11 -3 -7 -5 -8
right_child=2 6 -4 13 -6 12 7 -9 -10 10 -12 -13 -14 -15 -16
leaf_value=0.037734740475243229 0.12870810522480677 -0.020775511352883108 -0.038032117146750019 -0.05494801342876135 -0.063804197534203549 -0.013519925352224287 0.11939584033911886 -0.067015934540399655 -0.082494724388733037 0.057849151558055062 -0.059504037770206658 0.073878753519717025 0.077553281572625241 -0.13410700822422453 0.050543817953648977
leaf_weight=7.808183506131174 5.8138708174228695 5.9992523193359393 4.7579274624586096 7.051278352737425 6.6807178109884262 4.6778654456138593 6.0568785369396201 4.5940770953893688 7.2711118608713141 5.6996849104762051 4.2678486555814752 4.5855949074029922 5.4659896790981293 4.7301983833312988 4.8322774320840862
leaf_count=35 28 28 20 33 32 22 30 20 35 28 19 20 26 22 22
internal_value=0.00105465 -0.0118854 0.0448446 -0.0449344 -0.00851504 0.0702607 0.00798952 0.0291743 -0.0216433 0.0510579 0.00651622 0.0196026 0.0348564 -0.0884328 0.0904894
internal_weight=90.2928 69.5771 20.7157 26.2704 14.4889 15.9577 43.3067 25.4508 17.856 20.8567 9.96753 10.5848 10.1439 11.7815 10.8892
internal_count=420 324 96 122 67 76 202 119 83 99 47 48 48 55 52
is_linear=0
shrinkage=0.1


Tree=15
num_leaves=14
num_cat=0
split_feature=14 12 16 5 7 0 9 0 14 7 0 16 10
split_gain=5.09998 5.79336 4.84841 3.70787 3.26324 3.99794 5.77701 3.03171 4.02716 3.36659 4.89797 2.12644 2.06421
threshold=24.476118087768558 7.5000000000000009 22.704271316528324 4.5000000000000009 3.5000000000000004 37.500000000000007 18.500000000000004 19.500000000000004 38.230020523071296 27.500000000000004 30.500000000000004 102.95825576782228 12.500000000000002
decision_type=2 2 10 10 8 8 2 8 2 10 10 10 8
left_child=-1 2 3 -2 -4 6 -6 -3 9 10 -9 -7 -12
right_child=1 7 4 -5 5 11 -8 8 -10 -11 12 -13 -14
leaf_value=-0.08079386554233875 -0.12189495504509573 0.10760796229337088 0.082516651481951295 -0.015778984057585523 -0.034401407785883922 -0.014083460641756565 0.09263490447107979 -0.0042447034686109294 -0.055945871450150612 -0.024366849788340625 0.037735452004995507 -0.10411227929315037 0.12530254460645435
leaf_weight=7.3458338826894751 6.5686386674642545 4.925155207514762 4.3642563521862057 7.0620889812707901 7.4558243900537509 6.2808703333139402 6.605076402425766 7.6154358237981858 5.213784232735633 6.2047170847654334 4.6731333881616566 4.868665337562561 8.3870809376239777
leaf_count=34 31 23 19 34 36 30 30 36 24 29 22 22 41
internal_value=-0.00153302 0.00569161 -0.0190156 -0.0681598 0.00345091 -0.0101132 0.0248002 0.0347705 0.0229827 0.0388132 0.0582807 -0.0548613 0.0952545
internal_weight=87.5706 80.2247 43.2054 13.6307 29.5747 25.2104 14.0609 37.0193 32.0942 26.8804 20.6757 11.1495 13.0602
internal_count=411 377 202 65 137 118 66 175 152 128 99 52 63
is_linear=0
shrinkage=0.1


Tree=16
num_leaves=16
num_cat=0
split_feature=4 4 9 4 20 0 17 11 14 5 0 11 5 14 5
split_gain=6.36083 3.729 4.07416 5.02824 4.15328 3.28863 4.77752 2.87991 2.38431 2.37624 2.27359 2.26123 2.23283 1.48888 1.44482
threshold=828.36791992187511 1117.3162841796877 16.500000000000004 1629.176452636719 0.047314912080764777 36.500000000000007 189.97422790527347 9.3699998855590838 34.503787994384773 2.5000000000000004 28.500000000000004 10.445000171661379 3.5000000000000004 32.457479476928718 6.5000000000000009
decision_type=8 10 2 10 8 8 8 10 2 8 10 8 10 2 10
left_child=-1 11 7 -4 5 6 13 9 -6 -3 -9 -2 -11 -5 -7
right_child=1 2 3 4 8 14 -8 10 -10 12 -12 -13 -14 -15 -16
leaf_value=0.12446195879793021 -0.011928981682471492 -0.0048742249554853652 0.098541609976781519 0.055379447201324594 -0.0077696801418453872 0.021973760290838095 -0.014783082117707369 -0.044899801726531706 -0.10038762378160958 -0.14497840644517296 0.039989694325715419 -0.11624666794798602 -0.045829527986002892 0.14354986861588023 -0.048275353050936221
leaf_weight=3.7287828326225272 4.1789890676736814 6.15745677053929 6.6696505844593039 4.3582815527915955 7.8813959807157499 5.7825080156326276 5.2196810245513925 5.064019173383711 4.449892669916153 3.9306063652038556 7.8984373211860657 4.6187421679496765 6.5812685638666153 4.7047785520553589 5.5494609326124191
leaf_count=17 20 28 34 21 38 27 24 23 21 19 37 20 34 22 26
internal_value=-0.00141889 -0.00733419 0 0.0190725 0.00461932 0.0277861 0.0596535 -0.0286918 -0.0425351 -0.0561174 0.00597067 -0.0685098 -0.0848625 0.103309 -0.0116751
internal_weight=86.774 83.0452 74.2474 44.6156 37.946 25.6147 14.2827 29.6318 12.3313 16.6693 12.9625 8.79773 10.5119 9.06306 11.332
internal_count=411 394 354 213 179 120 67 141 59 81 60 40 53 43 53
is_linear=0
shrinkage=0.1


Tree=17
num_leaves=17
num_cat=0
split_feature=4 4 12 13 9 11 16 0 21 20 18 13 13 16 7 0
split_gain=5.399 3.07229 4.67129 5.6675 3.74453 3.54751 4.10663 4.38413 6.03771 2.41573 1.92937 1.91943 3.00239 2.89632 1.6727 0.89527
threshold=828.36791992187511 1117.3162841796877 10.500000000000002 2320.515014648438 17.500000000000004 17.315000534057621 289.45492553710943 33.500000000000007 0.039012489840388305 0.039194205775856979 295.00909423828131 932.60498046875011 1323.559997558594 46.686313629150398 18.500000000000004 42.500000000000007
decision_type=8 10 2 10 2 10 8 8 8 10 2 10 10 10 10 8
left_child=-1 10 4 9 11 6 7 14 -9 -4 -2 13 -13 15 -6 -3
right_child=1 2 3 -5 5 -7 -8 8 -10 -11 -12 12 -14 -15 -16 -17
leaf_value=0.11695797709398853 -0.10729290813016207 -0.091145527845544805 0.14774803603592604 -0.039854243930928138 0.11704919132771366 -0.06735817959136961 -0.062406273420443185 -0.091500345155498264 0.059318437219393949 0.044872130427763578 -0.010420003272803985 -0.10954199032063641 -0.0090331536139181996 0.028427203648270678 0.031290861558889209 -0.019141998091248266
leaf_weight=3.585119977593421 4.5283604413270933 3.9223209470510501 4.44327265024185 4.5785260647535315 7.0793962776661008 4.6951852142810813 4.2241697758436194 4.3606669902801487 6.4478369206190118 5.6291098743677139 4.1944686323404312 7.2776693999767286 5.397250160574913 7.6291110813617706 4.0063698217272758 3.8967692404985428
leaf_count=17 20 20 22 22 32 21 20 22 30 29 20 36 25 35 20 20
internal_value=-0.0013192 -0.0067279 0 0.0502937 -0.0126191 0.0112002 0.0259067 0.0436063 -0.00089335 0.0922436 -0.06249 -0.0390186 -0.0679317 -0.0143686 0.0875071 -0.057219
internal_weight=85.8956 82.3105 73.5877 14.6509 58.9367 30.8136 26.1184 21.8943 10.8085 10.0724 8.72283 28.1231 12.6749 15.4482 11.0858 7.81909
internal_count=411 394 354 73 281 145 124 104 52 51 40 136 61 75 52 40
is_linear=0
shrinkage=0.1


Tree=18
num_leaves=16
num_cat=0
split_feature=4 14 14 16 0 0 3 14 14 19 16 11 14 11 3
split_gain=4.59963 3.31104 4.89961 4.53032 5.25987 4.15198 3.49062 3.09112 2.7202 4.23081 2.29492 5.6764 3.7736 1.91098 0.538575
threshold=828.36791992187511 24.476118087768558 27.167088508605961 36.910137176513679 39.500000000000007 41.500000000000007 47297.205078125007 29.870927810668949 35.732067108154304 0.019966234453022483 158.18688964843753 6.495000123977662 33.947624206542976 7.5450000762939462 34549.189453125007
decision_type=8 2 2 10 8 10 10 2 2 8 10 8 2 10 10
left_child=-1 -2 13 8 7 -6 -7 -5 9 -4 12 -12 -9 -3 -14
right_child=1 2 3 4 5 6 -8 10 -10 -11 11 -13 14 -15 -16
leaf_value=0.11029738745783707 -0.07030778212082249 0.0105205176324754 -0.10189979987290539 -0.034113941015611202 -0.12505010086351531 -0.065626476578865112 0.059114071864116151 0.0024405136640861672 -0.095507468204580628 0.021559621613636466 0.10686130993331232 -0.036686373527687013 0.077807259861366232 0.1027889740016236 0.14193865312154846
leaf_weight=3.4353221207857123 7.2280737161636344 4.1287761181592924 4.01455081999302 5.8255660906434086 4.2537921890616408 4.5263351052999479 4.2325600236654282 4.9946284815669086 7.7827323824167243 8.2212509959936142 4.0943771153688413 7.8293221741914749 4.0292236208915693 5.7011382132768631 4.4562803953886032
leaf_count=17 34 20 23 29 20 21 20 25 38 39 20 36 20 28 21
internal_value=-0.0012205 -0.0061841 2.31814e-05 -0.0099294 0.00775035 -0.0451423 -0.00423245 0.0301826 -0.049344 -0.0186343 0.0453951 0.0122523 0.0736686 0.0655375 0.113912
internal_weight=84.7539 81.3186 74.0905 64.2606 44.2421 13.0127 8.7589 31.2294 20.0185 12.2358 25.4038 11.9237 13.4801 9.82991 8.4855
internal_count=411 394 360 312 212 61 41 151 100 62 122 56 66 48 41
is_linear=0
shrinkage=0.1


Tree=19
num_leaves=18
num_cat=0
split_feature=4 9 10 0 13 17 11 3 11 5 18 10 0 5 10 11 5
split_gain=3.9241 2.57386 4.92412 6.10049 3.25101 4.05072 2.62283 2.45483 2.28029 3.1025 2.31401 3.44299 1.75181 1.5993 3.73267 1.5895 1.40653
threshold=828.36791992187511 16.500000000000004 10.500000000000002 44.500000000000007 793.57501220703136 389.06599426269537 19.744999885559086 17247.527343750004 8.2699999809265154 1.5000000000000002 305.22227478027349 11.500000000000002 24.500000000000004 6.5000000000000009 19.500000000000004 8.1949996948242205 3.5000000000000004
decision_type=8 2 10 8 8 8 8 10 10 10 2 8 10 10 8 10 10
left_child=-1 7 15 4 -4 6 12 -2 9 -9 -10 -12 -6 -14 -15 -3 -11
right_child=1 2 3 -5 5 -7 -8 8 10 16 11 -13 13 14 -16 -17 -18
leaf_value=0.10429197180526378 -0.087321018943755185 0.02966754622764492 -0.069918834636908414 -0.11069306959946773 0.10109127238555099 -0.07004118738061578 -0.026800651161311008 0.017751229208026947 -0.044968719744988159 -0.13267847638464397 -0.024328160971359716 0.095738196045730917 -0.0038932862934381376 0.10780594446351546 -0.015586797326942485 0.12012122923699053 -0.040391163660191756
leaf_weight=3.2835295349359503 5.6662784665823009 4.2962544262409192 4.4878183454275122 4.7960708290338507 5.2106802016496756 4.1530604213476172 5.3247403800487509 4.5129672735929507 4.3892254680395117 3.4447448626160622 4.1106914430856678 5.1780612915754327 6.6046961173415211 5.9203343838453266 3.8832735344767579 4.2984886020421982 4.1362860500812531
leaf_count=17 27 20 23 23 27 19 24 20 20 19 20 25 32 31 20 20 24
internal_value=-0.00105863 -0.0056088 0.00856778 -0.00588702 0.00822906 0.0200157 0.0344744 -0.0279677 -0.0142446 -0.045886 0.0131368 0.0418451 0.0500807 0.0327616 0.0582557 0.0769175 -0.0848089
internal_weight=83.6972 80.4137 48.9754 40.3807 35.5846 31.0968 26.9437 31.4383 25.772 12.094 13.678 9.28875 21.619 16.4083 9.80361 8.59474 7.58103
internal_count=411 394 239 199 176 153 134 155 128 63 65 45 110 83 51 40 43
is_linear=0
shrinkage=0.1


Tree=20
num_leaves=15
num_cat=0
split_feature=3 11 10 13 13 12 20 14 3 0 7 13 11 16
split_gain=4.66566 3.07494 3.42301 3.68203 2.91372 2.92086 3.12874 2.46327 2.99969 2.89276 2.76124 4.02508 2.35458 2.21885
threshold=110064.23437500001 0.93999999761581432 5.5000000000000009 3777.2351074218755 2570.0949707031255 10.500000000000002 0.02782576717436314 27.225407600402836 22450.035156250004 36.500000000000007 11.500000000000002 937.38500976562511 9.6100001335144061 140.93851470947268
decision_type=8 10 8 8 8 2 10 2 10 10 10 10 10 10
left_child=1 -1 -3 4 5 7 -7 12 9 -9 11 -10 -4 -12
right_child=-2 2 3 -5 -6 6 -8 8 10 -11 13 -13 -14 -15
leaf_value=0.0890773057930382 -0.080605480664745627 0.079177254260494281 -0.012038265720503802 0.06834205821699306 -0.073761271454441169 0.10514692926029567 -0.0037542407775223441 -0.022551744407617369 0.011575010297347808 -0.134881210123798 0.060330987524572201 -0.10559650049779928 0.087465781090350692 -0.024801572302253605
leaf_weight=4.3640436902642241 6.2703257501125327 5.3927609473466864 5.2767475470900518 6.398739516735076 6.4670481979846945 4.5830167680978757 5.6424826830625534 5.4471617937087995 6.0155645608901995 4.290192112326622 7.2269684970378858 5.3516058325767517 3.9984996765851974 4.9823101460933685
leaf_count=23 31 25 27 30 31 24 29 27 30 21 36 28 20 23
internal_value=0.00143341 0.00848254 0.00327514 -0.00291577 -0.0108777 -0.00286393 0.0446319 -0.0145796 -0.0274181 -0.0739277 -0.00755556 -0.0431565 0.0302661 0.0248588
internal_weight=81.7075 75.4371 71.0731 65.6803 59.2816 52.8145 10.2255 42.5891 33.3138 9.73735 23.5764 11.3672 9.27525 12.2093
internal_count=405 374 351 326 296 265 53 212 165 48 117 58 47 59
is_linear=0
shrinkage=0.1


Tree=21
num_leaves=16
num_cat=0
split_feature=3 20 5 5 7 17 10 16 14 21 20 19 5 9 14
split_gain=3.88857 2.75095 4.53825 2.85173 4.45776 2.80725 3.07672 4.63865 2.84464 2.70036 4.6307 2.36684 2.20845 2.69248 1.23979
threshold=110064.23437500001 0.0066194771789014348 3.5000000000000004 2.5000000000000004 13.500000000000002 389.06599426269537 14.500000000000002 54.64880561828614 32.782325744628913 0.047154249623417861 0.021943664178252224 0.041480969637632377 7.5000000000000009 33.500000000000007 32.883781433105476
decision_type=8 10 10 8 10 8 10 10 2 8 10 10 10 2 2
left_child=1 2 -1 -3 9 6 11 8 -8 14 -11 -6 13 -9 -5
right_child=-2 3 -4 4 5 -7 7 12 -10 10 -12 -13 -14 -15 -16
leaf_value=-0.020488294215001496 -0.074585307222657951 0.065574458449334974 0.10102409058703754 -0.12671143882070676 0.009608126522536356 -0.059872933357347058 0.0017925869216158822 0.048808839631470216 -0.10903052491653858 0.05683712917601972 -0.084552094465103117 0.11912872130068991 0.081543394716135822 -0.052064157032937645 -0.045589153044750974
leaf_weight=5.0257956609129888 6.1151602491736403 5.7603832781314841 7.2639203518629074 4.4010134041309374 3.6959177851676923 4.7118294686079016 4.3030082136392611 6.1960571557283419 4.5076087787747383 4.7779284715652448 4.2782520204782486 4.7912554517388344 6.2339390367269507 4.4295166283845901 4.451752781867981
leaf_count=26 31 26 37 24 19 21 23 31 21 21 21 27 35 20 22
internal_value=0.00127607 0.00770039 0.050761 -0.000669527 -0.00766956 0.0111512 0.0213867 0.0036279 -0.0543708 -0.0489081 -0.00905868 0.0732675 0.034669 0.00573189 -0.0879997
internal_weight=80.9433 74.8282 12.2897 62.5385 56.7781 38.8691 34.1573 25.6701 8.81062 17.9089 9.05618 8.48717 16.8595 10.6256 8.85277
internal_count=405 374 63 311 285 197 176 130 44 88 42 46 86 51 46
is_linear=0
shrinkage=0.1


Tree=22
num_leaves=16
num_cat=0
split_feature=14 10 14 13 4 16 20 16 19 14 13 14 16 16 0
split_gain=2.80604 4.2314 4.11334 4.06647 3.80591 6.14983 2.42923 3.5347 3.29709 2.4103 2.39381 2.88349 2.51647 3.67623 1.35292
threshold=28.759066581726078 9.5000000000000018 24.647376060485843 3777.2351074218755 3238.787475585938 121.38513183593751 0.040975071489810951 70.420192718505874 0.035642191767692573 30.574191093444828 837.18499755859386 32.782325744628913 36.910137176513679 161.2519454956055 33.500000000000007
decision_type=2 8 2 8 8 10 8 8 8 2 10 2 8 10 10
left_child=2 4 -1 9 -2 -6 7 8 -4 -3 14 -12 -13 -14 -11
right_child=1 3 6 -5 5 -7 -8 -9 -10 10 11 12 13 -15 -16
leaf_value=-0.032559209544256992 0.091347682272151953 -0.11394042171202577 0.14152559296998948 0.054893771128961016 -0.1039670278222747 0.06924111034141095 0.12302210313473627 -0.036046413980617822 0.015991238866711499 -0.11860441194793672 0.04589547313882833 -0.088153030199315391 0.042464866370747735 -0.070023838349008646 -0.034233302702973471
leaf_weight=7.3600272461771992 6.4560765475034687 3.9230551198124877 3.697395719587802 5.0021655261516562 3.7238037288188934 4.2868598848581314 4.0918119251728049 4.5739298239350328 5.1913648694753656 3.9618121907115 5.9654848128557232 5.6416165381670025 6.507363945245741 5.0539285242557526 4.6349476650357246
leaf_count=36 31 19 18 24 21 20 22 23 27 21 31 28 35 24 25
internal_value=0.00113768 -0.0113135 0.0290375 -0.0279535 0.0346738 -0.0103319 0.0554675 0.0334422 0.0703149 -0.039966 -0.0301873 -0.0128105 -0.0338936 -0.00602995 -0.0751822
internal_weight=80.0716 55.1571 24.9145 40.6904 14.4667 8.01066 17.5545 13.4627 8.88876 35.6882 31.7652 23.1684 17.2029 11.5613 8.59676
internal_count=405 279 126 207 72 41 90 68 45 183 164 118 87 59 46
is_linear=0
shrinkage=0.1


Tree=23
num_leaves=16
num_cat=1
split_feature=3 20 4 7 0 2 17 13 13 17 23 13 17 9 12
split_gain=3.04907 2.27317 2.94765 3.8739 2.56166 2.28358 3.4813 4.73694 4.10264 2.73324 3.51503 2.31342 1.90947 2.43857 1.74568
threshold=110064.23437500001 0.0066194771789014348 2172.0920410156255 10.500000000000002 49.500000000000007 0 165.66490173339847 894.21499633789074 848.10000610351574 178.1863708496094 4.5000000000000009 1906.5149536132815 49.731622695922859 29.500000000000004 7.5000000000000009
decision_type=8 10 8 8 8 1 10 10 8 10 2 10 10 2 2
left_child=1 2 -1 -4 5 6 8 -8 -3 10 -7 -12 -10 -14 -11
right_child=-2 4 3 -5 -6 9 7 -9 12 14 11 -13 13 -15 -16
leaf_value=0.10553087434061861 -0.067534132587217299 -0.074640842893361301 -0.066057561797407738 0.078019418976829999 -0.076058701269721432 0.063058386313393 0.15102068509873037 0.010562383463467964 -0.015900025131830219 -0.11322638381479376 0.0095915014981685521 -0.090311444641029123 0.093062774593627523 0 -0.021371846084405979
leaf_weight=4.8696914389729473 5.8765969872474662 5.1786545142531422 3.662716582417489 3.5856049209833145 4.145526096224784 5.851614952087405 4.3272241503000242 5.6494984924793243 6.6885410398244884 4.1947335079312307 4.7793863117694837 4.1043034717440605 6.0816678255796415 5.4542181417346001 4.7376754581928253
leaf_count=23 31 28 21 19 19 32 20 30 32 20 25 20 32 30 23
internal_value=0.00100212 0.0067167 0.0461162 0.00394551 -0.000984922 0.0044191 0.0186248 0.0733702 0.00257301 -0.0162067 0.00285826 -0.0359425 0.0253474 0.0500533 -0.0663906
internal_weight=79.1877 73.3111 12.118 7.24832 61.193 57.0475 33.3798 9.97672 23.4031 23.6677 14.7353 8.88369 18.2244 11.5359 8.93241
internal_count=405 374 63 40 311 292 172 50 122 120 77 45 94 62 43
cat_boundaries=0 1
cat_threshold=25
is_linear=0
shrinkage=0.1


Tree=24
num_leaves=15
num_cat=0
split_feature=11 13 10 0 13 13 0 13 9 12 0 13 11 0
split_gain=2.16476 2.52894 2.93646 3.00957 2.90362 3.26588 3.99483 2.76285 3.60542 2.65257 2.99254 2.43205 1.50471 1.23847
threshold=0.93999999761581432 3777.2351074218755 9.5000000000000018 41.500000000000007 837.18499755859386 2424.369995117188 40.500000000000007 937.38500976562511 12.500000000000002 5.5000000000000009 35.500000000000007 327.96499633789068 13.615000247955324 36.500000000000007
decision_type=10 8 10 8 10 10 8 10 2 2 10 10 10 8
left_child=-1 2 3 7 11 6 9 8 -2 -6 12 -4 -11 -7
right_child=1 -3 4 -5 5 13 -8 -9 -10 10 -12 -13 -14 -15
leaf_value=0.065896971660827142 -0.037683427937399358 0.057934405298675523 -0.0033413865525559611 0.070455536313535905 -0.03377820264677308 -0.02247266735743499 -0.059964489193234549 -0.063298092359806782 0.091491538840353451 0.051572539496573921 0.11518163428919914 -0.10511185679259252 -0.020678869706809981 -0.1040558265028721
leaf_weight=4.7216752767562857 4.0142017900943774 6.0546712949872008 3.9110694974660856 7.8291515558958045 4.8968941345810952 4.247923128306863 6.5324413478374472 5.2420316115021697 4.3215276896953583 6.3436402976512891 4.7282856628298751 6.7130983024835587 4.8972630128264427 3.9986857771873483
leaf_count=26 20 30 22 38 25 22 32 29 20 35 25 37 26 18
internal_value=0.000880643 -0.00323113 -0.00892827 0.0213888 -0.0231863 -0.0091087 0.00722257 -0.00648098 0.0283906 0.0289191 0.0488579 -0.0689601 0.0193086 -0.0640022
internal_weight=78.4526 73.7309 67.6762 21.4069 46.2693 35.6451 27.3985 13.5778 8.33573 20.8661 15.9692 10.6242 11.2409 8.24661
internal_count=405 379 349 107 242 183 143 69 40 111 86 59 61 40
is_linear=0
shrinkage=0.1


Tree=25
num_leaves=14
num_cat=0
split_feature=5 20 9 8 11 4 11 4 16 14 14 9 3
split_gain=4.7128 6.55876 3.44745 4.8897 4.00416 3.66617 3.12789 2.94577 2.72386 2.45066 1.94693 1.70351 1.65193
threshold=5.5000000000000009 0.039035247638821609 14.500000000000002 3.5000000000000004 8.5300002098083514 2956.9741210937505 8.1250000000000018 2841.0383300781255 163.98997497558597 28.862430572509769 31.573974609375004 29.500000000000004 15951.014648437502
decision_type=10 8 2 8 8 10 8 10 10 2 2 2 10
left_child=1 2 3 4 -1 -4 10 9 -9 -8 -2 -12 -11
right_child=6 -3 5 -5 -6 -7 7 8 -10 12 11 -13 -14
leaf_value=-0.12937215290770984 -0.064839107556915618 -0.12124594230274376 -0.025624194334845064 0.046415777239444476 -0.01020350469368065 0.079976434536807875 0.047825798978296676 0.10878696763301299 0.019611741353586246 0.011107666039657254 0.056177095852154857 -0.034284319607459535 -0.074189916166071998
leaf_weight=6.5804635137319583 6.4894134327769271 7.0999993979930869 6.7195701375603658 4.1256092190742502 5.2476596459746343 6.1060785427689552 6.2878261208534267 6.988467909395693 7.3658366203308105 4.0050513967871648 3.8154418617486936 4.2605926096439362 4.6071289628744125
leaf_count=41 35 38 34 20 26 29 34 37 37 21 21 23 22
internal_value=-0.00879002 -0.0356891 -0.0138889 -0.0450173 -0.077869 0.0241066 0.0130382 0.0320031 0.0641713 0.000125262 -0.0243289 0.00739456 -0.0337027
internal_weight=79.6991 35.8794 28.7794 15.9537 11.8281 12.8256 43.8198 29.2543 14.3543 14.9 14.5654 8.07603 8.61218
internal_count=418 188 150 87 67 63 230 151 74 77 79 44 43
is_linear=0
shrinkage=0.1


Tree=26
num_leaves=16
num_cat=0
split_feature=9 19 4 4 4 17 7 9 20 9 17 17 20 19 20
split_gain=4.04248 2.38827 2.42145 2.18933 4.0281 4.63172 3.85022 3.12383 2.43102 2.38348 2.29466 1.62379 1.33692 1.15748 1.04433
threshold=14.500000000000002 0.030410761013627056 7578.1535644531259 2944.8291015625005 2303.236694335938 105.15732574462892 7.5000000000000009 29.500000000000004 0.039194205775856979 39.500000000000007 47.379150390625007 179.69034576416018 0.010892801452428104 0.050296746194362647 0.042497335001826293
decision_type=2 10 10 10 10 10 10 2 10 2 8 10 10 10 8
left_child=1 2 11 4 5 9 -5 8 12 10 -2 -1 -8 -3 -9
right_child=3 13 -4 6 -6 -7 7 14 -10 -11 -12 -13 -14 -15 -16
leaf_value=-0.12526579913320457 0 0.037428793029670025 -0.0022489445330884385 0.11309990916612284 -0.076774335569701757 0.083784573840134782 -0.030214750046611012 0.024241218700931391 -0.078090200209072355 0.032225750617395417 -0.10647270185872604 -0.046120617550983178 0.049442188254803399 -0.032531425715883751 0.095568278848850108
leaf_weight=5.8899694457650238 4.0672453641891524 4.374026492238043 5.0062381327152243 4.3521269783377674 7.0487356334924689 5.9358804896473876 3.8144969344139117 5.7919728830456707 4.6770789772272101 4.8260831683874121 4.1264896541833886 5.8632180988788605 4.3065746128559113 4.9147865623235703 3.7180114537477502
leaf_count=38 22 23 29 20 34 32 19 31 23 26 21 32 24 24 20
internal_value=-0.00804638 -0.0402524 -0.062686 0.00773948 -0.0126195 0.0109896 0.0279443 0.0104543 -0.0212006 -0.0218219 -0.0548663 -0.0873491 0.0108982 0 0.053872
internal_weight=78.7129 26.0482 16.7594 52.6647 26.0044 18.9557 26.6603 22.3081 12.7982 13.0198 8.19374 11.7532 8.12107 9.28881 9.50998
internal_count=418 146 99 272 135 101 137 117 66 69 43 70 43 47 51
is_linear=0
shrinkage=0.1


Tree=27
num_leaves=16
num_cat=0
split_feature=5 20 11 11 14 11 20 12 14 17 4 17 9 14 9
split_gain=3.66049 5.42023 2.96702 2.67211 2.34571 2.67239 2.22779 3.37246 2.04553 2.72565 2.30759 1.70884 1.63835 1.46422 1.54174
threshold=5.5000000000000009 0.039035247638821609 3.1049998998641972 8.1250000000000018 38.230020523071296 12.469999790191652 0.041789073497056968 7.5000000000000009 38.495712280273445 183.26452636718753 2914.1179199218755 85.533798217773452 17.500000000000004 31.573974609375004 29.500000000000004
decision_type=10 8 8 8 2 8 10 2 2 10 10 10 2 2 2
left_child=1 2 -1 13 5 12 7 -7 9 10 11 -4 -5 -2 -15
right_child=3 -3 8 4 -6 6 -8 -9 -10 -11 -12 -13 -14 14 -16
leaf_value=-0.092006355984645294 -0.057620163879289137 -0.11177375337112799 -0.064327681073889351 0.032239108456009351 -0.036083091250713642 -0.01762450764603761 -0.028877407491435216 0.10089668665622541 0.064480179467423002 -0.069265814172509696 0.065685873916190948 0.021011482175687685 0.12463994376422237 0.052154331685551142 -0.034554411129177919
leaf_weight=3.8477603867650041 6.4992291778326017 6.7148946598172179 4.2096503674984032 3.8263231739401835 4.3506857901811591 4.1507875993847865 6.2359812706708899 5.1511449813842773 4.1549008190631858 5.781008154153823 4.9967267960309973 4.8354962542653084 4.9202071726322174 3.7381808161735535 4.2370491176843643
leaf_count=21 35 38 23 20 21 21 29 30 20 31 29 26 30 21 23
internal_value=-0.00736949 -0.0316591 -0.0116367 0.0118888 0.0297073 0.0420037 0.0161107 0.0473206 0.00117366 -0.0118506 0.0114027 -0.0178814 0.0861693 -0.0226379 0.00499225
internal_weight=77.65 34.5404 27.8255 43.1096 28.6351 24.2844 15.5379 9.30193 23.9778 19.8229 14.0419 9.04515 8.74653 14.4745 7.97523
internal_count=418 188 150 230 151 130 80 51 129 109 78 49 50 79 44
is_linear=0
shrinkage=0.1


Tree=28
num_leaves=16
num_cat=0
split_feature=9 11 13 17 5 20 5 6 17 7 11 21 16 16 18
split_gain=3.1076 3.53885 2.4006 2.8878 2.00282 1.82085 3.53507 2.63909 2.32918 3.33898 3.60382 2.27302 2.15224 2.02756 0.573684
threshold=14.500000000000002 8.2699999809265154 520.45498657226574 117.62828826904298 1.5000000000000002 0.021438330411911014 5.5000000000000009 4.5000000000000009 199.35388946533206 20.500000000000004 7.9849998950958261 0.041382882744073875 19.24771881103516 111.55299758911134 590.51947021484386
decision_type=2 10 8 8 8 8 10 10 10 8 8 8 10 10 2
left_child=1 4 -3 -4 -1 7 -7 -2 9 13 -11 -12 -9 -8 -6
right_child=5 2 3 -5 14 6 8 12 -10 10 11 -13 -14 -15 -16
leaf_value=-0.0068851591799504149 -0.031241623110416047 -0.073506166963606817 0.079300179954979996 -0.024945902472706338 -0.12378955090054544 -0.067174984754228936 0.090278497018111734 0.01173636955218595 0.067238460924271701 -0.096205347108773473 0.057337312778050945 -0.041486404345590949 0.10138024862100632 -0.0036984864356442077 -0.055732254997985821
leaf_weight=3.3056976795196542 4.0439442321658126 3.3373356759548161 4.7993595898151389 5.5297390446066865 5.3724607825279236 7.2131679207086554 4.5689465031027847 5.2971183210611326 5.7071556746959677 5.4764459580183011 4.3556285426020596 4.7255195677280435 6.04295863956213 4.1192473769187927 2.8065108805894852
leaf_count=16 21 20 22 31 36 36 26 27 31 28 25 23 33 22 21
internal_value=-0.00673036 -0.0355411 -0.000332998 0.0228285 -0.0762101 0.00717429 -0.00485579 0.0359502 0.0105036 -0.00322555 -0.0328296 0.00493188 0.060849 0.0450491 -0.1026
internal_weight=76.7012 25.1511 13.6664 10.3291 11.4847 51.5501 36.1661 15.384 28.9529 23.2458 14.5576 9.08115 11.3401 8.68819 8.17897
internal_count=418 146 73 53 73 272 191 81 155 124 76 48 60 48 57
is_linear=0
shrinkage=0.1


Tree=29
num_leaves=17
num_cat=0
split_feature=5 20 14 11 21 18 20 11 11 20 17 18 17 11 7 17
split_gain=2.55474 4.43531 2.41426 2.37756 2.25687 1.85945 2.8952 2.88684 3.62104 2.43134 2.23211 3.52068 1.77543 1.77307 0.968308 0.7322
threshold=5.5000000000000009 0.039035247638821609 38.495712280273445 8.5300002098083514 0.042909093201160438 251.37675476074222 0.039737533777952201 8.2150001525878924 6.495000123977662 0.031548397615551955 51.481620788574226 319.49565124511724 130.6044845581055 11.079999923706056 16.500000000000004 165.66490173339847
decision_type=10 8 2 8 8 2 10 10 10 10 8 2 10 10 8 8
left_child=1 2 3 4 -1 6 -2 8 9 -7 -9 -12 -8 -5 -13 -15
right_child=5 -3 -4 13 -6 7 12 10 -10 -11 11 14 -14 15 -16 -17
leaf_value=-0.11784804940415919 0.11227476867386321 -0.10194684719986041 0.055667398711908379 0.054379320690323509 -0.01872280225019261 -0.055356776492138937 -0.035410785989923581 -0.044541743832041403 -0.11952954746858223 0.052250629175329355 -0.028278982051291299 0.035157146263654342 0.055381699760999138 0.0064249223303643483 0.10529114071364241 -0.053207274254989924
leaf_weight=3.8775586858391771 3.9415918290615073 6.3009105548262587 4.6220510229468337 4.7093470096588153 6.2653138041496286 4.2086717113852519 4.2990794926881772 3.7634031325578716 3.872081756591796 3.9798081442713737 4.7135127410292617 4.2277368158102009 4.0479497909545898 3.7371691688895226 5.2179146409034738 3.8375573605298996
leaf_count=29 21 38 22 23 35 23 20 20 21 24 26 21 21 21 33 20
internal_value=-0.00619993 -0.0269339 -0.00878058 -0.022695 -0.0583746 0.00994691 0.0425967 -0.00319935 -0.0411266 -0.00185096 0.0218546 0.0403922 0.00757019 0.00619149 0.0756449 -0.022783
internal_weight=75.6217 33.3499 27.049 22.4269 10.1429 42.2718 12.2886 29.9831 12.0606 8.18848 17.9226 14.1592 8.34703 12.2841 9.44565 7.57473
internal_count=418 188 150 128 64 230 62 168 68 47 100 80 41 64 54 41
is_linear=0
shrinkage=0.1


Tree=30
num_leaves=17
num_cat=0
split_feature=19 10 14 11 13 12 19 7 20 21 7 14 9 16 14 14
split_gain=4.56616 2.82666 2.48897 1.96867 1.98177 3.30972 3.04668 2.07138 1.97897 1.94325 1.4112 2.23612 1.59966 1.1303 1.06674 0.890112
threshold=0.12418035045266153 2.5000000000000004 33.693796157836921 16.789999961853031 864.75497436523449 3.5000000000000004 0.0039298142073675999 8.5000000000000018 0.054172324016690261 0.061026437208056457 15.500000000000002 34.876653671264656 22.500000000000004 101.47536849975587 28.4658317565918 31.573974609375004
decision_type=8 10 2 10 10 2 10 10 10 8 8 2 2 8 2 2
left_child=1 -1 14 4 6 -6 -3 -8 10 -4 11 -7 -12 -5 -2 -9
right_child=2 3 9 13 5 8 7 15 -10 -11 12 -13 -14 -15 -16 -17
leaf_value=0.063104384691930068 0.040166146302732832 0.030153590188334273 0.056664255774764888 -0.099100485556740406 -0.070958364190779874 -0.03594010305877509 -0.011882344794600947 -0.050689947034138261 -0.031602293560416959 -0.041117989517735258 0.013553837478700559 0.060683179196074716 0.09323371681524277 -0.020660243949316981 0.12012511900571393 -0.1296575207310256
leaf_weight=4.895741529762744 3.4425923749804515 5.1559052467346218 4.12951536476612 3.9333760812878582 4.3310256376862553 5.1777275428175979 5.748681537806986 3.4800539761781693 5.1462826430797568 3.7425021529197693 4.7275490164756757 4.2359879463911057 6.3704761303961277 4.2279889360070237 4.8457208871841431 3.7937789969146252
leaf_count=26 20 27 23 22 26 28 33 22 27 20 25 21 40 21 26 23
internal_value=0.00372683 -0.00863097 0.0509254 -0.0151437 -0.00715631 0.00837264 -0.0332273 -0.0591218 0.0223753 0.00898974 0.0364907 0.00666821 0.0606088 -0.060417 0.0889807 -0.0944326
internal_weight=77.3849 61.2246 16.1603 56.3288 48.1675 29.989 18.1784 13.0225 25.658 7.87202 20.5117 9.41372 11.098 8.16137 8.28831 7.27383
internal_count=430 341 89 315 272 167 105 78 141 43 114 49 65 43 46 45
is_linear=0
shrinkage=0.1


end of trees

feature_importances:
Changed_Credit_Limit=47
Credit_Utilization_Ratio=44
Outstanding_Debt=39
Total_EMI_per_month=34
debt_to_income_ratio=31
monthly_debt_service_ratio=29
Age=26
Delay_from_due_date=26
Amount_invested_monthly=26
Num_Bank_Accounts=24
Interest_Rate=23
Monthly_Inhand_Salary=20
Num_of_Delayed_Payment=19
Monthly_Balance=15
investment_rate=15
Annual_Income=13
Num_Credit_Inquiries=13
Num_Credit_Card=6
financial_risk_score=5
Num_of_Loan=3
occupation_category=1

parameters:
[boosting: gbdt]
[objective: binary]
[metric: auc]
[tree_learner: serial]
[device_type: cpu]
[data_sample_strategy: bagging]
[data: ]
[valid: ]
[num_iterations: 1000]
[learning_rate: 0.1]
[num_leaves: 31]
[num_threads: -1]
[seed: 42]
[deterministic: 0]
[force_col_wise: 1]
[force_row_wise: 0]
[histogram_pool_size: -1]
[max_depth: -1]
[min_data_in_leaf: 20]
[min_sum_hessian_in_leaf: 0.001]
[bagging_fraction: 0.8]
[pos_bagging_fraction: 1]
[neg_bagging_fraction: 1]
[bagging_freq: 5]
[bagging_seed: 400]
[bagging_by_query: 0]
[feature_fraction: 0.8]
[feature_fraction_bynode: 1]
[feature_fraction_seed: 30056]
[extra_trees: 0]
[extra_seed: 12879]
[early_stopping_round: 0]
[early_stopping_min_delta: 0]
[first_metric_only: 0]
[max_delta_step: 0]
[lambda_l1: 0.1]
[lambda_l2: 0.1]
[linear_lambda: 0]
[min_gain_to_split: 0]
[drop_rate: 0.1]
[max_drop: 50]
[skip_drop: 0.5]
[xgboost_dart_mode: 0]
[uniform_drop: 0]
[drop_seed: 17869]
[top_rate: 0.2]
[other_rate: 0.1]
[min_data_per_group: 100]
[max_cat_threshold: 32]
[cat_l2: 10]
[cat_smooth: 10]
[max_cat_to_onehot: 4]
[top_k: 20]
[monotone_constraints: ]
[monotone_constraints_method: basic]
[monotone_penalty: 0]
[feature_contri: ]
[forcedsplits_filename: ]
[refit_decay_rate: 0.9]
[cegb_tradeoff: 1]
[cegb_penalty_split: 0]
[cegb_penalty_feature_lazy: ]
[cegb_penalty_feature_coupled: ]
[path_smooth: 0]
[interaction_constraints: ]
[verbosity: -1]
[saved_feature_importance_type: 0]
[use_quantized_grad: 0]
[num_grad_quant_bins: 4]
[quant_train_renew_leaf: 0]
[stochastic_rounding: 1]
[linear_tree: 0]
[max_bin: 255]
[max_bin_by_feature: ]
[min_data_in_bin: 3]
[bin_construct_sample_cnt: 200000]
[data_random_seed: 175]
[is_enable_sparse: 1]
[enable_bundle: 1]
[use_missing: 1]
[zero_as_missing: 0]
[feature_pre_filter: 1]
[pre_partition: 0]
[two_round: 0]
[header: 0]
[label_column: ]
[weight_column: ]
[group_column: ]
[ignore_column: ]
[categorical_feature: 1,2,15,22]
[forcedbins_filename: ]
[precise_float_parser: 0]
[parser_config_file: ]
[objective_seed: 16083]
[num_class: 1]
[is_unbalance: 1]
[scale_pos_weight: 1]
[sigmoid: 1]
[boost_from_average: 1]
[reg_sqrt: 0]
[alpha: 0.9]
[fair_c: 1]
[poisson_max_delta_step: 0.7]
[tweedie_variance_power: 1.5]
[lambdarank_truncation_level: 30]
[lambdarank_norm: 1]
[label_gain: ]
[lambdarank_position_bias_regularization: 0]
[eval_at: ]
[multi_error_top_k: 1]
[auc_mu_weights: ]
[num_machines: 1]
[local_listen_port: 12400]
[time_out: 120]
[machine_list_filename: ]
[machines: ]
[gpu_platform_id: -1]
[gpu_device_id: -1]
[gpu_use_dp: 0]
[num_gpu: 1]

end of parameters

pandas_categorical:[["Adult", "Middle", "Senior", "Unknown", "Young"], ["Education_Media", "Management", "Other", "Professional", "Skilled_Trade", "Technical"], ["0 Years and 11 Months", "0 Years and 8 Months", "0 Years and 9 Months", "1 Years and 0 Months", "1 Years and 10 Months", "1 Years and 11 Months", "1 Years and 2 Months", "1 Years and 3 Months", "1 Years and 4 Months", "1 Years and 5 Months", "1 Years and 6 Months", "1 Years and 8 Months", "1 Years and 9 Months", "10 Years and 0 Months", "10 Years and 1 Months", "10 Years and 10 Months", "10 Years and 11 Months", "10 Years and 2 Months", "10 Years and 3 Months", "10 Years and 4 Months", "10 Years and 5 Months", "10 Years and 6 Months", "10 Years and 7 Months", "10 Years and 8 Months", "10 Years and 9 Months", "11 Years and 0 Months", "11 Years and 1 Months", "11 Years and 10 Months", "11 Years and 11 Months", "11 Years and 2 Months", "11 Years and 3 Months", "11 Years and 4 Months", "11 Years and 5 Months", "11 Years and 6 Months", "11 Years and 7 Months", "11 Years and 8 Months", "11 Years and 9 Months", "12 Years and 0 Months", "12 Years and 10 Months", "12 Years and 11 Months", "12 Years and 2 Months", "12 Years and 3 Months", "12 Years and 4 Months", "12 Years and 5 Months", "12 Years and 6 Months", "12 Years and 7 Months", "12 Years and 8 Months", "12 Years and 9 Months", "13 Years and 0 Months", "13 Years and 10 Months", "13 Years and 11 Months", "13 Years and 2 Months", "13 Years and 3 Months", "13 Years and 4 Months", "13 Years and 5 Months", "13 Years and 6 Months", "13 Years and 7 Months", "13 Years and 8 Months", "13 Years and 9 Months", "14 Years and 0 Months", "14 Years and 10 Months", "14 Years and 11 Months", "14 Years and 2 Months", "14 Years and 3 Months", "14 Years and 4 Months", "14 Years and 5 Months", "14 Years and 6 Months", "14 Years and 8 Months", "14 Years and 9 Months", "15 Years and 0 Months", "15 Years and 10 Months", "15 Years and 11 Months", "15 Years and 2 Months", "15 Years and 3 Months", "15 Years and 4 Months", "15 Years and 5 Months", "15 Years and 6 Months", "15 Years and 7 Months", "15 Years and 8 Months", "15 Years and 9 Months", "16 Years and 0 Months", "16 Years and 1 Months", "16 Years and 10 Months", "16 Years and 11 Months", "16 Years and 2 Months", "16 Years and 3 Months", "16 Years and 4 Months", "16 Years and 5 Months", "16 Years and 6 Months", "16 Years and 8 Months", "16 Years and 9 Months", "17 Years and 0 Months", "17 Years and 1 Months", "17 Years and 10 Months", "17 Years and 11 Months", "17 Years and 2 Months", "17 Years and 3 Months", "17 Years and 4 Months", "17 Years and 5 Months", "17 Years and 6 Months", "17 Years and 7 Months", "17 Years and 8 Months", "17 Years and 9 Months", "18 Years and 0 Months", "18 Years and 1 Months", "18 Years and 10 Months", "18 Years and 11 Months", "18 Years and 2 Months", "18 Years and 3 Months", "18 Years and 4 Months", "18 Years and 5 Months", "18 Years and 6 Months", "18 Years and 7 Months", "18 Years and 8 Months", "18 Years and 9 Months", "19 Years and 0 Months", "19 Years and 10 Months", "19 Years and 11 Months", "19 Years and 2 Months", "19 Years and 3 Months", "19 Years and 4 Months", "19 Years and 5 Months", "19 Years and 6 Months", "19 Years and 7 Months", "19 Years and 8 Months", "19 Years and 9 Months", "2 Years and 0 Months", "2 Years and 10 Months", "2 Years and 11 Months", "2 Years and 2 Months", "2 Years and 3 Months", "2 Years and 4 Months", "2 Years and 5 Months", "2 Years and 6 Months", "2 Years and 8 Months", "20 Years and 0 Months", "20 Years and 1 Months", "20 Years and 10 Months", "20 Years and 11 Months", "20 Years and 2 Months", "20 Years and 3 Months", "20 Years and 4 Months", "20 Years and 5 Months", "20 Years and 6 Months", "20 Years and 7 Months", "20 Years and 8 Months", "20 Years and 9 Months", "21 Years and 0 Months", "21 Years and 1 Months", "21 Years and 10 Months", "21 Years and 11 Months", "21 Years and 2 Months", "21 Years and 3 Months", "21 Years and 4 Months", "21 Years and 5 Months", "21 Years and 6 Months", "21 Years and 7 Months", "21 Years and 8 Months", "21 Years and 9 Months", "22 Years and 0 Months", "22 Years and 10 Months", "22 Years and 11 Months", "22 Years and 2 Months", "22 Years and 3 Months", "22 Years and 4 Months", "22 Years and 5 Months", "22 Years and 6 Months", "22 Years and 8 Months", "22 Years and 9 Months", "23 Years and 0 Months", "23 Years and 1 Months", "23 Years and 10 Months", "23 Years and 11 Months", "23 Years and 2 Months", "23 Years and 3 Months", "23 Years and 4 Months", "23 Years and 5 Months", "23 Years and 6 Months", "23 Years and 8 Months", "23 Years and 9 Months", "24 Years and 0 Months", "24 Years and 1 Months", "24 Years and 10 Months", "24 Years and 11 Months", "24 Years and 2 Months", "24 Years and 3 Months", "24 Years and 4 Months", "24 Years and 5 Months", "24 Years and 6 Months", "24 Years and 8 Months", "24 Years and 9 Months", "25 Years and 0 Months", "25 Years and 1 Months", "25 Years and 10 Months", "25 Years and 11 Months", "25 Years and 2 Months", "25 Years and 3 Months", "25 Years and 4 Months", "25 Years and 5 Months", "25 Years and 6 Months", "25 Years and 7 Months", "25 Years and 8 Months", "25 Years and 9 Months", "26 Years and 0 Months", "26 Years and 10 Months", "26 Years and 11 Months", "26 Years and 2 Months", "26 Years and 3 Months", "26 Years and 4 Months", "26 Years and 5 Months", "26 Years and 6 Months", "26 Years and 8 Months", "26 Years and 9 Months", "27 Years and 0 Months", "27 Years and 1 Months", "27 Years and 10 Months", "27 Years and 11 Months", "27 Years and 2 Months", "27 Years and 3 Months", "27 Years and 4 Months", "27 Years and 5 Months", "27 Years and 6 Months", "27 Years and 8 Months", "27 Years and 9 Months", "28 Years and 0 Months", "28 Years and 10 Months", "28 Years and 11 Months", "28 Years and 2 Months", "28 Years and 3 Months", "28 Years and 4 Months", "28 Years and 5 Months", "28 Years and 6 Months", "28 Years and 8 Months", "28 Years and 9 Months", "29 Years and 0 Months", "29 Years and 1 Months", "29 Years and 10 Months", "29 Years and 11 Months", "29 Years and 2 Months", "29 Years and 3 Months", "29 Years and 4 Months", "29 Years and 5 Months", "29 Years and 6 Months", "29 Years and 8 Months", "29 Years and 9 Months", "3 Years and 0 Months", "3 Years and 10 Months", "3 Years and 11 Months", "3 Years and 2 Months", "3 Years and 3 Months", "3 Years and 4 Months", "3 Years and 6 Months", "3 Years and 8 Months", "3 Years and 9 Months", "30 Years and 0 Months", "30 Years and 10 Months", "30 Years and 11 Months", "30 Years and 2 Months", "30 Years and 3 Months", "30 Years and 4 Months", "30 Years and 5 Months", "30 Years and 6 Months", "30 Years and 7 Months", "30 Years and 8 Months", "30 Years and 9 Months", "31 Years and 0 Months", "31 Years and 10 Months", "31 Years and 11 Months", "31 Years and 2 Months", "31 Years and 3 Months", "31 Years and 4 Months", "31 Years and 5 Months", "31 Years and 6 Months", "31 Years and 7 Months", "31 Years and 8 Months", "31 Years and 9 Months", "32 Years and 0 Months", "32 Years and 1 Months", "32 Years and 10 Months", "32 Years and 11 Months", "32 Years and 2 Months", "32 Years and 3 Months", "32 Years and 4 Months", "32 Years and 5 Months", "32 Years and 6 Months", "32 Years and 8 Months", "32 Years and 9 Months", "33 Years and 0 Months", "33 Years and 2 Months", "33 Years and 3 Months", "33 Years and 4 Months", "33 Years and 5 Months", "33 Years and 6 Months", "33 Years and 7 Months", "33 Years and 8 Months", "4 Years and 0 Months", "4 Years and 10 Months", "4 Years and 11 Months", "4 Years and 2 Months", "4 Years and 5 Months", "4 Years and 6 Months", "4 Years and 8 Months", "4 Years and 9 Months", "5 Years and 0 Months", "5 Years and 1 Months", "5 Years and 10 Months", "5 Years and 11 Months", "5 Years and 2 Months", "5 Years and 3 Months", "5 Years and 5 Months", "5 Years and 6 Months", "5 Years and 7 Months", "5 Years and 8 Months", "5 Years and 9 Months", "6 Years and 0 Months", "6 Years and 10 Months", "6 Years and 11 Months", "6 Years and 2 Months", "6 Years and 3 Months", "6 Years and 4 Months", "6 Years and 5 Months", "6 Years and 6 Months", "6 Years and 8 Months", "6 Years and 9 Months", "7 Years and 0 Months", "7 Years and 10 Months", "7 Years and 11 Months", "7 Years and 2 Months", "7 Years and 3 Months", "7 Years and 4 Months", "7 Years and 5 Months", "7 Years and 6 Months", "7 Years and 7 Months", "7 Years and 8 Months", "7 Years and 9 Months", "8 Years and 0 Months", "8 Years and 1 Months", "8 Years and 10 Months", "8 Years and 11 Months", "8 Years and 2 Months", "8 Years and 3 Months", "8 Years and 4 Months", "8 Years and 5 Months", "8 Years and 6 Months", "8 Years and 7 Months", "8 Years and 8 Months", "8 Years and 9 Months", "9 Years and 0 Months", "9 Years and 1 Months", "9 Years and 10 Months", "9 Years and 11 Months", "9 Years and 2 Months", "9 Years and 3 Months", "9 Years and 4 Months", "9 Years and 5 Months", "9 Years and 6 Months", "9 Years and 8 Months", "9 Years and 9 Months"], ["Very_High"]]
